0 0.7785669234278965 0.24039829302987198 0.877992565554631 0.24039829302987198 0.877992565554631 0.4281650071123756 0.7785669234278965 0.4281650071123756
0 0.04410008320137423 0.758179231863442 0.17559851311092625 0.758179231863442 0.17559851311092625 0.9999999999999993 0.04410008320137423 0.9999999999999993
0 0.0 0.731152204836416 0.08338924823532563 0.731152204836416 0.08338924823532563 0.9772403982930299 0.0 0.9772403982930299
0 0.019243672669690563 0.5803698435277379 0.17640033280549663 0.5803698435277379 0.17640033280549663 0.7667140825035559 0.019243672669690563 0.7667140825035559
0 0.3632243216404092 0.6728307254623043 0.5075518666630882 0.6728307254623043 0.5075518666630882 0.8534850640113799 0.3632243216404092 0.8534850640113799
0 0.8138469899889962 0.47368421052631626 0.9132726321157306 0.47368421052631626 0.9132726321157306 0.6002844950213372 0.8138469899889962 0.6002844950213372
0 0.728052282669959 0.534850640113798 0.8274779247966935 0.534850640113798 0.8274779247966935 0.7226173541963016 0.728052282669959 0.7226173541963016
0 0.8274779247966931 0.5860597439544808 0.9269035669234277 0.5860597439544808 0.9269035669234277 0.7738264580369844 0.8274779247966931 0.7738264580369844
0 0.46986634101827657 0.6955903271692744 0.6053738694006812 0.6955903271692744 0.6053738694006812 0.9174964438122333 0.46986634101827657 0.9174964438122333
0 0.5692919831450124 0.738264580369843 0.6927722161088598 0.738264580369843 0.6927722161088598 0.9573257467994294 0.5692919831450124 0.9573257467994294
0 0.6222120829866603 0.672830725462304 0.6903667570251482 0.672830725462304 0.6903667570251482 0.8805120910384066 0.6222120829866603 0.8805120910384066
0 0.15394938135752434 0.637268847795164 0.28143871279422406 0.637268847795164 0.28143871279422406 0.8065433854907542 0.15394938135752434 0.8065433854907542
0 0.08258742854075526 0.46941678520625857 0.1772021525000671 0.46941678520625857 0.1772021525000671 0.6017069701280227 0.08258742854075526 0.6017069701280227
0 0.03528006656109927 0.40967283072546207 0.15475120105209458 0.40967283072546207 0.15475120105209458 0.5462304409672831 0.03528006656109927 0.5462304409672831
0 0.04570372259051504 0.3869132290184924 0.12348023296384764 0.3869132290184924 0.12348023296384764 0.4694167852062587 0.04570372259051504 0.4694167852062587
0 0.8459197777718126 0.7652916073968714 0.953363616844252 0.7652916073968714 0.953363616844252 1.0 0.8459197777718126 1.0
0 0.6887631176360074 0.4978662873399713 0.8170542687672773 0.4978662873399713 0.8170542687672773 0.6059743954480791 0.6887631176360074 0.6059743954480791
0 0.8964344185297515 0.47083926031294454 0.995860060656486 0.47083926031294454 0.995860060656486 0.5761024182076814 0.8964344185297515 0.5761024182076814
0 0.9005743578732653 0.532005689900427 0.9999999999999994 0.532005689900427 0.9999999999999994 0.7112375533428165 0.9005743578732653 0.7112375533428165
0 0.62221208298666 0.5533428165007114 0.7545123325907822 0.5533428165007114 0.7545123325907822 0.7055476529160737 0.62221208298666 0.7055476529160737
0 0.4891100136879683 0.5633001422475105 0.5885356558147028 0.5633001422475105 0.5885356558147028 0.7155049786628731 0.4891100136879683 0.7155049786628731
0 0.43378445476260646 0.44665718349928807 0.5596701468101655 0.44665718349928807 0.5596701468101655 0.610241820768136 0.43378445476260646 0.610241820768136
0 0.4289735365951853 0.2603129445234708 0.4971282106336724 0.2603129445234708 0.4971282106336724 0.3911806543385491 0.4289735365951853 0.3911806543385491
0 0.4466135698757342 0.2233285917496447 0.5027409484956644 0.2233285917496447 0.5027409484956644 0.3115220483641536 0.4466135698757342 0.3115220483641536
0 0.6406539359617811 0.25035561877667156 0.7168268069459728 0.25035561877667156 0.7168268069459728 0.4039829302987197 0.6406539359617811 0.4039829302987197
0 0.5813192785635682 0.2503556187766715 0.6590957889369011 0.2503556187766715 0.6590957889369011 0.4110953058321481 0.5813192785635682 0.4110953058321481
0 0.5003354894119542 0.155049786628734 0.5997611315386886 0.155049786628734 0.5997611315386886 0.3428165007112376 0.5003354894119542 0.3428165007112376
0 0.6021665906224003 0.36415362731152207 0.6999885933599933 0.36415362731152207 0.6999885933599933 0.5177809388335701 0.6021665906224003 0.5177809388335701
0 0.6919703964142896 0.34423897581792323 0.7897923991518826 0.34423897581792323 0.7897923991518826 0.4978662873399712 0.6919703964142896 0.4978662873399712
0 0.014432754502266625 0.2290184921763869 0.1002274618213033 0.2290184921763869 0.1002274618213033 0.31578947368421 0.014432754502266625 0.31578947368421
0 0.0737674119004804 0.2503556187766715 0.15635484044123563 0.2503556187766715 0.15635484044123563 0.3371266002844951 0.0737674119004804 0.3371266002844951
0 0.04891100136879679 0.3129445234708393 0.15154392227381297 0.3129445234708393 0.15154392227381297 0.3997155049786628 0.04891100136879679 0.3997155049786628
0 0.19885128425346896 0.24608819345661467 0.26460049920824485 0.24608819345661467 0.26460049920824485 0.3627311522048364 0.19885128425346896 0.3627311522048364
0 0.22130223570144125 0.291607396870555 0.2870514506562172 0.291607396870555 0.2870514506562172 0.4082503556187767 0.22130223570144125 0.4082503556187767
0 0.1339038889932634 0.30014224751066887 0.2132840387557368 0.30014224751066887 0.2132840387557368 0.4324324324324325 0.1339038889932634 0.4324324324324325
0 0.17399487372178546 0.3826458036984345 0.2581859416516813 0.3826458036984345 0.2581859416516813 0.514935988620198 0.17399487372178546 0.514935988620198
0 0.4931191121608195 0.33712660028449504 0.5596701468101656 0.33712660028449504 0.5596701468101656 0.4253200568990038 0.4931191121608195 0.4253200568990038
0 0.4265680775114723 0.36984352773826457 0.5476428513916081 0.36984352773826457 0.5476428513916081 0.47368421052631526 0.4265680775114723 0.47368421052631526
0 0.29827692638020353 0.37126600284494915 0.4161444214820575 0.37126600284494915 0.4161444214820575 0.5362731152204825 0.29827692638020353 0.5362731152204825
0 0.2974751066856331 0.4580369843527731 0.36242250194583836 0.4580369843527731 0.36242250194583836 0.5604551920341383 0.2974751066856331 0.5604551920341383
0 0.31992605813360564 0.5021337126600272 0.44581175018116426 0.5021337126600272 0.44581175018116426 0.6927453769559015 0.31992605813360564 0.6927453769559015
0 0.21889677661773002 0.372688477951635 0.3030878445476258 0.372688477951635 0.3030878445476258 0.5561877667140811 0.21889677661773002 0.5561877667140811
0 0.25337502348425883 0.5277382645803702 0.3327551732467322 0.5277382645803702 0.3327551732467322 0.6600284495021339 0.25337502348425883 0.6600284495021339
0 0.16196757830322875 0.44523470839260315 0.25096956440054746 0.44523470839260315 0.25096956440054746 0.5775248933143667 0.16196757830322875 0.5775248933143667
0 0.18441852975120102 0.5376955903271696 0.26379867951367436 0.5376955903271696 0.26379867951367436 0.6699857752489333 0.18441852975120102 0.6699857752489333
0 0.28384417187793554 0.6216216216216216 0.3632243216404089 0.6216216216216216 0.3632243216404089 0.7823613086770981 0.28384417187793554 0.7823613086770981
0 0.6783394616065921 0.6443812233285913 0.7777651037333267 0.6443812233285913 0.7777651037333267 0.8620199146514933 0.6783394616065921 0.8620199146514933
0 0.160363938914088 0.7937411095305821 0.2533750234842588 0.7937411095305821 0.2533750234842588 0.9999999999999989 0.160363938914088 0.9999999999999989
0 0.22611315386886416 0.7738264580369842 0.33516063233044363 0.7738264580369842 0.33516063233044363 0.980085348506401 0.22611315386886416 0.980085348506401
0 0.3231333369118876 0.7766714082503534 0.4754790788802703 0.7766714082503534 0.4754790788802703 0.9999999999999998 0.3231333369118876 0.9999999999999998
