0 0.29506964760192167 0.37411095305832115 0.43618991384631894 0.37411095305832115 0.43618991384631894 0.5348506401137973 0.29506964760192167 0.5348506401137973
0 0.29907874607477386 0.4623044096728307 0.3608188625566977 0.4623044096728307 0.3608188625566977 0.5391180654338542 0.29907874607477386 0.5391180654338542
0 0.30629512332590786 0.5334281650071121 0.44741538957030513 0.5334281650071121 0.44741538957030513 0.6941678520625884 0.30629512332590786 0.6941678520625884
0 0.432982635068037 0.3726884779516353 0.5548592286427438 0.3726884779516353 0.5548592286427438 0.4736842105263149 0.432982635068037 0.4736842105263149
0 0.4337844547626076 0.4310099573257463 0.5749047210070048 0.4310099573257463 0.5749047210070048 0.5917496443812226 0.4337844547626076 0.5917496443812226
0 0.22290587509058213 0.391180654338549 0.3014842051584852 0.391180654338549 0.3014842051584852 0.5519203413940252 0.22290587509058213 0.5519203413940252
0 0.2557804825679704 0.5476529160739689 0.32152969752274624 0.5476529160739689 0.32152969752274624 0.6614509246088186 0.2557804825679704 0.6614509246088186
0 0.1780039721946374 0.5448079658605975 0.2597895810408223 0.5448079658605975 0.2597895810408223 0.6500711237553338 0.1780039721946374 0.6500711237553338
0 0.1347057086878338 0.6486486486486485 0.2758259749322311 0.6486486486486485 0.2758259749322311 0.8093883357041247 0.1347057086878338 0.8093883357041247
0 0.2782314340159424 0.6017069701280224 0.4193517002603397 0.6017069701280224 0.4193517002603397 0.7624466571834987 0.2782314340159424 0.7624466571834987
0 0.1764003328054967 0.35419630156472237 0.257384121957111 0.35419630156472237 0.257384121957111 0.5149359886201987 0.1764003328054967 0.5149359886201987
0 0.42095533964948084 0.22190611664295848 0.5043445878848065 0.22190611664295848 0.5043445878848065 0.38264580369843487 0.42095533964948084 0.38264580369843487
0 0.22050041600687087 0.7140825035561872 0.3616206822512682 0.7140825035561872 0.3616206822512682 0.9914651493598855 0.22050041600687087 0.9914651493598855
0 0.10664201937786842 0.8236130867709812 0.24776228562226574 0.8236130867709812 0.24776228562226574 0.9843527738264574 0.10664201937786842 0.9843527738264574
0 0.33034971416302095 0.7581792318634417 0.4987318500228132 0.7581792318634417 0.4987318500228132 1.0 0.33034971416302095 1.0
0 0.4859027349096862 0.6941678520625885 0.6270230011540835 0.6941678520625885 0.6270230011540835 0.9473684210526306 0.4859027349096862 0.9473684210526306
0 0.589337475509273 0.8364153627311519 0.6975831342762822 0.8364153627311519 0.6975831342762822 0.9530583214793735 0.589337475509273 0.9530583214793735
0 0.6230139026812309 0.6870554765291605 0.6927722161088594 0.6870554765291605 0.6927722161088594 0.8790896159317202 0.6230139026812309 0.8790896159317202
0 0.680744920690303 0.6529160739687054 0.801017874875869 0.6529160739687054 0.801017874875869 0.8421052631578942 0.680744920690303 0.8421052631578942
0 0.680744920690303 0.4566145092460879 0.8218651869347005 0.4566145092460879 0.8218651869347005 0.6173541963015642 0.680744920690303 0.6173541963015642
0 0.7280522826699583 0.5604551920341384 0.8274779247966931 0.5604551920341384 0.8274779247966931 0.7211948790896143 0.7280522826699583 0.7211948790896143
0 0.05853283770364208 0.7524893314366986 0.16838213585979217 0.7524893314366986 0.16838213585979217 1.0 0.05853283770364208 1.0
0 8.901986865100122e-18 0.6913229018492169 0.08980380579188914 0.6913229018492169 0.08980380579188914 1.0 8.901986865100122e-18 1.0
0 0.02966732869910626 0.6002844950213369 0.17078759494350354 0.6002844950213369 0.17078759494350354 0.7610241820768131 0.02966732869910626 0.7610241820768131
0 0.04009098472852193 0.40682788051208957 0.15555302074666513 0.40682788051208957 0.15555302074666513 0.5547652916073954 0.04009098472852193 0.5547652916073954
0 0.05532555892536031 0.3997155049786625 0.11786749510185456 0.3997155049786625 0.11786749510185456 0.47937411095305765 0.05532555892536031 0.47937411095305765
0 0.1266875117421293 0.2944523470839256 0.21087857967202556 0.2944523470839256 0.21087857967202556 0.45519203413940174 0.1266875117421293 0.45519203413940174
0 0.03928916503395155 0.25035561877667106 0.1507421025792426 0.25035561877667106 0.1507421025792426 0.4110953058321474 0.03928916503395155 0.4110953058321474
0 0.6286266405432245 0.2588904694167848 0.7039976918328457 0.2588904694167848 0.7039976918328457 0.38549075391180554 0.6286266405432245 0.38549075391180554
0 0.6013647709278295 0.3556187766714081 0.7064031509165569 0.3556187766714081 0.7064031509165569 0.5163584637268844 0.6013647709278295 0.5163584637268844
0 0.6911685767197182 0.33997155049786565 0.7785669234278965 0.33997155049786565 0.7785669234278965 0.5049786628733992 0.6911685767197182 0.5049786628733992
0 0.8354961217423968 0.7581792318634412 0.9766163879867941 0.7581792318634412 0.9766163879867941 0.9999999999999998 0.8354961217423968 0.9999999999999998
0 0.8290815641858339 0.5917496443812232 0.9156780911994417 0.5917496443812232 0.9156780911994417 0.7425320056899 0.8290815641858339 0.7425320056899
0 0.8893488821492794 0.5348506401137972 0.9999999999999996 0.5348506401137972 0.9999999999999996 0.6955903271692735 0.8893488821492794 0.6955903271692735
0 0.6053738694006817 0.5348506401137977 0.7464941356450792 0.5348506401137977 0.7464941356450792 0.6955903271692739 0.6053738694006817 0.6955903271692739
0 0.4658572425454252 0.5519203413940252 0.6069775087898225 0.5519203413940252 0.6069775087898225 0.7126600284495015 0.4658572425454252 0.7126600284495015
0 0.578111999785286 0.22617354196301523 0.651879411685766 0.22617354196301523 0.651879411685766 0.41251778093883285 0.578111999785286 0.41251778093883285
0 0.5027409484956651 0.16216216216216192 0.6045720497061112 0.16216216216216192 0.6045720497061112 0.3314366998577519 0.5027409484956651 0.3314366998577519
0 0.7737560052604736 0.27027027027026984 0.8715780079980675 0.27027027027026984 0.8715780079980675 0.43100995732574604 0.7737560052604736 0.43100995732574604
0 0.0 0.18492176386913176 0.09702018304302314 0.18492176386913176 0.09702018304302314 0.33143669985775187 0.0 0.33143669985775187
0 0.17399487372178535 0.4978662873399714 0.2221040553960117 0.4978662873399714 0.2221040553960117 0.604551920341394 0.17399487372178535 0.604551920341394
