0 0.6478684707963374 0.29044117647058826 0.06994181811875698 0.11948529411764706
0 0.632552711864555 0.4886603550060885 0.0932557574916757 0.1930147058823526
0 0.29706957769601167 0.7425994897283849 0.14869112444506102 0.16864195610737512
0 0.08731220685106106 0.7487098434108113 0.11544025669735394 0.1496126634722297
0 0.15698052511098776 0.7931985294117646 0.13263041065482795 0.18566176470588233
0 0.4851889827275249 0.7306985294117646 0.10206324569922302 0.10477941176470594
0 0.8222049285516093 0.7261029411764707 0.10568985849056603 0.16544117647058826
0 0.04222413464206437 0.6488970588235293 0.08444826928412874 0.1617647058823529
0 0.056471542036625966 0.916360294117647 0.09636428274139844 0.16727941176470595
0 0.3382897137088154 0.9283659064435855 0.15749861265260826 0.13786764705882348
0 0.3714687673418424 0.8409926470588235 0.1243410099889012 0.17830882352941174
0 0.4880277387217773 0.8761122895377771 0.12952188540510548 0.23169954863133302
0 0.2289946933962264 0.8993566176470573 0.10258133324084345 0.20128676470588183
0 0.5424376560765816 0.26884191176470584 0.10879838374028865 0.11856617647058823
0 0.18442843933220993 0.597847974135649 0.15646243756936723 0.1626838235294114
0 0.40177688852663707 0.5638786764705883 0.1352208483629301 0.13878676470588233
0 0.2782130098501665 0.504595588235294 0.11605160932297451 0.1341911764705882
0 0.4572782405269522 0.4669498199819983 0.1108707339067702 0.1801470588235294
0 0.6841345987097669 0.7899816176470589 0.12485909753052177 0.17922794117647073
0 0.6045813473593822 0.8541866594747703 0.08886437101153248 0.2306985294117646
0 0.8475627722403897 0.8994898111134637 0.10889817738016778 0.18841911764705865
0 0.12926447377326508 0.3884794269868162 0.11087073390677021 0.14981617647058806
0 0.7771313124306326 0.4489889705882353 0.09429193257491676 0.140625
0 0.8178440863864758 0.5925615999099909 0.11035264636514983 0.15900735294117646
0 0.9058760665233074 0.5625 0.12382292244728077 0.15257352941176477
0 0.04636883497502773 0.3080024454651348 0.09273766995005546 0.10386029411764702
0 0.5292264237652607 0.45634191176470595 0.09170149486681467 0.1387867647058824
0 0.532138626013163 0.6185661764705876 0.14597524519897837 0.1047794117647059
0 0.7022676626664816 0.6902573529411765 0.10206324569922302 0.18382352941176472
0 0.31344296268035515 0.620404411764706 0.11708778440621533 0.09191176470588239
0 0.9092436355438401 0.7913602941176472 0.0766769561598224 0.2426470588235294
0 0.4569532117092119 0.28584558823529416 0.04662787874583792 0.1139705882352941
0 0.49373742716426194 0.33455882352941174 0.06631520532741397 0.13419117647058823
0 0.5991682418840177 0.3023897058823529 0.06268859253607097 0.13602941176470587
0 0.701328016945181 0.4438957682532959 0.057507717119866866 0.15257352941176477
0 0.425090827899556 0.684283088235294 0.10413559586570478 0.1737132352941176
0 0.9429193257491675 0.6530330882352942 0.11294308407325189 0.1351102941176471
0 0.04416241625029595 0.47472426470588225 0.08521630725086936 0.1332720588235293
0 0.19039717154550498 0.38924632352941174 0.08548444436736957 0.16268382352941171
0 0.15879383150665924 0.4921875 0.09377384503329633 0.0818014705882353
0 0.9550984579590035 0.7425742574257426 0.08980308408199306 0.14761476147614758
0 0.9556164342849375 0.8622862286228606 0.08067056705670543 0.17461746174617448
0 0.6443498123397242 0.364086408640864 0.09132517025287364 0.10531053105310527
0 0.5829590034475146 0.7092709270927093 0.07711903265798277 0.12961296129612962
0 0.5339985649508346 0.5481548154815481 0.09183253230983475 0.07380738073807379
0 0.4326030972530521 0.3524816176470588 0.09532810765815754 0.1351102941176471
0 0.06035719859877913 0.3897058823529412 0.08133974403440622 0.0882352941176471
0 0.07149608074361818 0.556985294117647 0.07149608074361818 0.17279411764705876
