0 0.045662585126437165 0.29522952295229526 0.0781337567719036 0.11341134113411336
0 0.05276565392388295 0.4468946894689466 0.09132517025287434 0.10711071107110688
0 0.12151321264201885 0.3901890189018902 0.07864111882886408 0.12691269126912655
0 0.18011353022094664 0.3582358235823582 0.1106049284173701 0.14041404140414043
0 0.16540003056909464 0.5094509450945095 0.08929572202503268 0.13681368136813682
0 0.09233989436679517 0.5436543654365437 0.06291289506309121 0.14221422142214224
0 0.05073620569604131 0.5171017101710177 0.09436934259463683 0.13231323132313244
0 0.11466382487305334 0.7187218721872187 0.08828099791111185 0.0801080108010801
0 0.2503831751099639 0.6485148514851485 0.12937732452490533 0.08910891089108908
0 0.22298562403410144 0.5387038703870387 0.084729463512389 0.16831683168316833
0 0.28615220012567294 0.5144014401440145 0.1045165837338451 0.14671467146714662
0 0.4089338179100929 0.5427542754275427 0.11973744544265742 0.13321332133213318
0 0.4277062140176281 0.675967596759676 0.081177929113666 0.2376237623762376
0 0.37950681860638896 0.828982898289829 0.12886996246794488 0.14761476147614758
0 0.4786961007421497 0.8555355535553555 0.12430370395530119 0.21692169216921683
0 0.3551534398722891 0.9243924392439244 0.15322334120204473 0.13321332133213332
0 0.22273194300562127 0.8487848784878489 0.07508958443014109 0.2988298829882989
0 0.14916444474636142 0.9437443744374437 0.12481106601226159 0.1089108910891089
0 0.056824550379566255 0.9054905490549054 0.093354618480716 0.189018901890189
0 0.070015963860537 0.7767776777677768 0.08828099791111187 0.08640864086408641
0 0.16438530645517382 0.7916291629162916 0.11060492841737003 0.1827182718271827
0 0.1161859110439346 0.6566156615661566 0.08929572202503269 0.08910891089108901
0 0.03932055941443201 0.6624662466246625 0.07052332591749741 0.16201620162016206
0 0.312027665030654 0.7524752475247526 0.13292885892362818 0.1782178217821783
0 0.3607344224988536 0.667866786678668 0.07711903265798277 0.11341134113411343
0 0.4857991695395954 0.7187218721872187 0.08067056705670567 0.1035103510351034
0 0.5426237199191617 0.8442844284428443 0.0928472564237557 0.234023402340234
0 0.6128933648081789 0.9684968496849686 0.06900123974661625 0.05940594059405939
0 0.6070587011531342 0.8352835283528353 0.0857441876263099 0.19261926192619255
0 0.6869682251243993 0.783978397839784 0.10147241139208248 0.18001800180017993
0 0.595896735900005 0.7137713771377137 0.09995032522120134 0.12421242124212412
0 0.5563224954570929 0.617011701170117 0.1314067727527469 0.12511251125112507
0 0.5370427372925971 0.5418541854185419 0.09792087699335966 0.09900990099009896
0 0.46322155800485704 0.4486948694869487 0.09132517025287434 0.20072007200720074
0 0.5281639012957899 0.45814581458145814 0.08828099791111192 0.1350135013501351
0 0.45814793743525284 0.28757875787578757 0.04667730924035801 0.11791179117911789
0 0.49645377273576413 0.3276327632763276 0.07661167060102236 0.13141314131413137
0 0.5403405906628399 0.26507650765076507 0.09233989436679516 0.11611161116111614
0 0.6511992001086901 0.2767776777677768 0.0684938776896557 0.12871287128712874
0 0.6035071667544113 0.3055805580558056 0.049214119525160104 0.1449144914491449
0 0.6481550277669277 0.3694869486948695 0.06950860180357651 0.09270927092709272
0 0.6309047178302737 0.4041404140414042 0.10705339401864727 0.036003600360036005
0 0.6245626921182684 0.4873987398739874 0.1075607560756076 0.17551755175517555
0 0.7846354210892786 0.4464446444644464 0.09386198053767657 0.14041404140414038
0 0.7004133196338502 0.45004500450045 0.0766116706010223 0.13501350135013496
0 0.7075163884312959 0.712871287128713 0.1293773245249053 0.2052205220522053
0 0.8224338943328294 0.7196219621962195 0.09233989436679522 0.16651665166516658
0 0.9124906594433029 0.7623762376237625 0.08371473939846823 0.13681368136813674
0 0.8168529117062648 0.6017101710171017 0.11872272132873661 0.16291629162916293
0 0.9081780819591393 0.5616561656165616 0.1177079972148158 0.13321332133213326
0 0.9464786101251634 0.6318631863186319 0.10704277974967312 0.13321332133213332
0 0.9594216497121408 0.7398739873987398 0.07813375677190365 0.13861386138613851
0 0.955357446121971 0.8811881188118815 0.08928510775605783 0.1800180018001799
0 0.8516072126080545 0.8933393339333936 0.11415646281609285 0.20432043204320383
