0 0.6679158055771758 0.6714082503556188 0.7817742022061782 0.6714082503556188 0.7817742022061782 0.8321479374110952 0.6679158055771758 0.8321479374110952
0 0.4482172092648754 0.698435277382645 0.5893374755092726 0.698435277382645 0.5893374755092726 0.9431009957325738 0.4482172092648754 0.9431009957325738
0 0.4706681607128479 0.5618776671408244 0.6117884269572452 0.5618776671408244 0.6117884269572452 0.7226173541963007 0.4706681607128479 0.7226173541963007
0 0.4273698972060441 0.284495021337126 0.5684901634504415 0.284495021337126 0.5684901634504415 0.44523470839260226 0.4273698972060441 0.44523470839260226
0 0.4257662578169032 0.20625889046941615 0.4995336697173843 0.20625889046941615 0.4995336697173843 0.290184921763868 0.4257662578169032 0.290184921763868
0 0.4177480608711989 0.4338549075391175 0.5588683271155962 0.4338549075391175 0.5588683271155962 0.5945945945945937 0.4177480608711989 0.5945945945945937
0 0.6061756890952521 0.5433854907539113 0.7472959553396494 0.5433854907539113 0.7472959553396494 0.7041251778093875 0.6061756890952521 0.7041251778093875
0 0.6823485600794439 0.41963015647226115 0.8234688263238412 0.41963015647226115 0.8234688263238412 0.5803698435277375 0.6823485600794439 0.5803698435277375
0 0.7368722993102337 0.5689900426742527 0.877992565554631 0.5689900426742527 0.877992565554631 0.7297297297297289 0.7368722993102337 0.7297297297297289
0 0.8298833838804047 0.5988620199146509 0.9710036501248022 0.5988620199146509 0.9710036501248022 0.7596017069701272 0.8298833838804047 0.7596017069701272
0 0.6510775919911966 0.3499288762446652 0.7921978582355941 0.3499288762446652 0.7921978582355941 0.5106685633001414 0.6510775919911966 0.5106685633001414
0 0.5652828846721597 0.3598862019914646 0.7064031509165569 0.3598862019914646 0.7064031509165569 0.5206258890469408 0.5652828846721597 0.5206258890469408
0 0.5716974422287234 0.23470839260312895 0.6366448374889289 0.23470839260312895 0.6366448374889289 0.39544807965860523 0.5716974422287234 0.39544807965860523
0 0.6278248208486542 0.27311522048364106 0.7088086100002684 0.27311522048364106 0.7088086100002684 0.39544807965860534 0.6278248208486542 0.39544807965860534
0 0.48109181674226353 0.15931721194879034 0.6222120829866609 0.15931721194879034 0.6222120829866609 0.32005689900426665 0.48109181674226353 0.32005689900426665
0 0.7472959553396494 0.2560455192034134 0.8884162215840468 0.2560455192034134 0.8884162215840468 0.4167852062588896 0.7472959553396494 0.4167852062588896
0 0.8186579081564185 0.7553342816500703 0.9597781744008159 0.7553342816500703 0.9597781744008159 1.0 0.8186579081564185 1.0
0 0.9013761775678363 0.5391180654338539 0.9871708848868723 0.5391180654338539 0.9871708848868723 0.6998577524893302 0.9013761775678363 0.6998577524893302
0 0.3287460747738801 0.7596017069701275 0.4867045546042566 0.7596017069701275 0.4867045546042566 0.9999999999999999 0.3287460747738801 0.9999999999999999
0 0.21408585845030714 0.6927453769559029 0.3552061246947044 0.6927453769559029 0.3552061246947044 0.9786628733997157 0.21408585845030714 0.9786628733997157
0 0.27662779462680154 0.6088193456614504 0.4177480608711988 0.6088193456614504 0.4177480608711988 0.7695590327169266 0.27662779462680154 0.7695590327169266
0 0.2982769263802034 0.3798008534850634 0.4393971926246007 0.3798008534850634 0.4393971926246007 0.5405405405405397 0.2982769263802034 0.5405405405405397
0 0.3070969430204783 0.48790896159317154 0.44821720926487557 0.48790896159317154 0.44821720926487557 0.6486486486486477 0.3070969430204783 0.6486486486486477
0 0.21969859631230038 0.5064011379800848 0.3608188625566977 0.5064011379800848 0.3608188625566977 0.667140825035561 0.21969859631230038 0.667140825035561
0 0.12668751174212942 0.5064011379800848 0.2678077779865267 0.5064011379800848 0.2678077779865267 0.667140825035561 0.12668751174212942 0.667140825035561
0 0.19083308730776455 0.39829302987197657 0.3319533535521619 0.39829302987197657 0.3319533535521619 0.5590327169274528 0.19083308730776455 0.5590327169274528
0 0.1282911511312703 0.3598862019914646 0.26941141737566765 0.3598862019914646 0.26941141737566765 0.5206258890469408 0.1282911511312703 0.5206258890469408
0 0.1347057086878338 0.6543385490753906 0.2758259749322311 0.6543385490753906 0.2758259749322311 0.8150782361308668 0.1347057086878338 0.8150782361308668
0 0.10904747846157983 0.8221906116642954 0.2501677447059772 0.8221906116642954 0.2501677447059772 1.0000000000000002 0.10904747846157983 1.0000000000000002
0 0.06655103464934638 0.7539118065433841 0.16838213585979217 0.7539118065433841 0.16838213585979217 0.9999999999999999 0.06655103464934638 0.9999999999999999
0 8.901986865100122e-18 0.7396870554765276 0.08178560884618473 0.7396870554765276 0.08178560884618473 1.0 8.901986865100122e-18 1.0
0 8.881784197001253e-18 0.6230440967283065 0.14112026624439733 0.6230440967283065 0.14112026624439733 0.7837837837837827 8.881784197001253e-18 0.7837837837837827
0 0.031270968088247135 0.610241820768136 0.17239123433264444 0.610241820768136 0.17239123433264444 0.7709815078236123 0.031270968088247135 0.7709815078236123
0 0.028063689309965376 0.39829302987197657 0.1691839555543627 0.39829302987197657 0.1691839555543627 0.5590327169274528 0.028063689309965376 0.5590327169274528
0 0.12267841326927725 0.2674253200568985 0.20125674333718027 0.2674253200568985 0.20125674333718027 0.4281650071123748 0.12267841326927725 0.4281650071123748
0 0.028063689309965324 0.2617354196301562 0.13711116777154506 0.2617354196301562 0.13711116777154506 0.39402560455191954 0.028063689309965324 0.39402560455191954
0 0.0008018196945704394 0.19630156472261678 0.08900198609731871 0.19630156472261678 0.08900198609731871 0.3399715504978654 0.0008018196945704394 0.3399715504978654
0 0.5965538527604071 0.6813655761024178 0.7104122493894095 0.6813655761024178 0.7104122493894095 0.8577524893314366 0.5965538527604071 0.8577524893314366
0 0.5813192785635687 0.8463726884779514 0.6951776751925712 0.8463726884779514 0.6951776751925712 0.9516358463726874 0.5813192785635687 0.9516358463726874
