0 0.6390609825887901 0.2931985294117647 0.06994181811875698 0.11948529411764706
0 0.6333620196309656 0.5036764705882353 0.10309942078246394 0.17279411764705885
0 0.2945327674112097 0.7403492647058824 0.14869112444506105 0.14613970588235303
0 0.1002499393035516 0.7311580882352939 0.08652061945061043 0.09650735294117638
0 0.15698052511098776 0.7931985294117646 0.13263041065482795 0.18566176470588233
0 0.4851889827275249 0.7306985294117646 0.10206324569922302 0.10477941176470594
0 0.8222049285516093 0.7261029411764707 0.10568985849056603 0.16544117647058826
0 0.04222413464206437 0.6488970588235293 0.08444826928412874 0.1617647058823529
0 0.056471542036625966 0.916360294117647 0.09636428274139844 0.16727941176470595
0 0.33727498959489455 0.9310661764705883 0.15749861265260826 0.13786764705882348
0 0.3714687673418424 0.8409926470588235 0.1243410099889012 0.17830882352941174
0 0.48752037666481685 0.8635110294117646 0.12952188540510548 0.19209558823529405
0 0.2289946933962264 0.8993566176470573 0.10258133324084345 0.20128676470588183
0 0.5424376560765816 0.26884191176470584 0.10879838374028865 0.11856617647058823
0 0.16889653856825748 0.5850183823529411 0.15646243756936737 0.12959558823529405
0 0.40177688852663707 0.5638786764705883 0.1352208483629301 0.13878676470588233
0 0.2782130098501665 0.504595588235294 0.11605160932297451 0.1341911764705882
0 0.4543627740011098 0.4678308823529412 0.1108707339067702 0.1801470588235294
0 0.6841345987097669 0.7899816176470589 0.12485909753052177 0.17922794117647073
0 0.6033129422169811 0.8478860294117646 0.07719504370144278 0.23069852941176477
0 0.8584710564650387 0.9057904411764706 0.08911105715871244 0.18841911764705885
0 0.1147563904689234 0.3956801470588235 0.10620794603218645 0.12224264705882355
0 0.7771313124306326 0.4489889705882353 0.09429193257491676 0.140625
0 0.8198735346143172 0.6015625 0.11035264636514981 0.15900735294117646
0 0.9058760665233074 0.5625 0.12382292244728077 0.15257352941176477
0 0.046886922516648166 0.29090073529411764 0.09273766995005549 0.10386029411764702
0 0.5292264237652607 0.45634191176470595 0.09170149486681467 0.1387867647058824
0 0.5473594877219755 0.6185661764705883 0.11553352178135398 0.10477941176470587
0 0.7022676626664816 0.6902573529411765 0.10206324569922302 0.18382352941176472
0 0.31344296268035515 0.620404411764706 0.11708778440621533 0.09191176470588239
0 0.9092436355438401 0.7913602941176472 0.0766769561598224 0.2426470588235294
0 0.4569532117092119 0.28584558823529416 0.04662787874583792 0.1139705882352941
0 0.49114698945615987 0.3106617647058823 0.06631520532741397 0.13419117647058823
0 0.5991682418840177 0.3023897058823529 0.06268859253607097 0.13602941176470587
0 0.7058942754578246 0.44209558823529416 0.057507717119866866 0.15257352941176477
0 0.425090827899556 0.684283088235294 0.10413559586570478 0.1737132352941176
0 0.9429193257491675 0.6530330882352942 0.11294308407325189 0.1351102941176471
0 0.037820390538290775 0.4747242647058823 0.07253225582685903 0.13327205882352935
0 0.19039717154550498 0.38924632352941174 0.08548444436736957 0.16268382352941171
0 0.15879383150665924 0.4921875 0.09377384503329633 0.0818014705882353
0 0.5968368479467259 0.9512867647058824 0.08185783157602664 0.09742647058823523
