0 0.29506964760192167 0.3684210526315785 0.43618991384631894 0.3684210526315785 0.43618991384631894 0.5291607396870547 0.29506964760192167 0.5291607396870547
0 0.5789138194798572 0.6856330014224745 0.7200340857242545 0.6856330014224745 0.7200340857242545 0.8463726884779508 0.5789138194798572 0.8463726884779508
0 0.41053168362006504 0.24182076813655712 0.5516519498644623 0.24182076813655712 0.5516519498644623 0.4025604551920334 0.41053168362006504 0.4025604551920334
0 0.4209553396494806 0.43527738264580323 0.562075605893878 0.43527738264580323 0.562075605893878 0.5960170697012794 0.4209553396494806 0.5960170697012794
0 0.21488767814487772 0.544807965860597 0.356007944389275 0.544807965860597 0.356007944389275 0.7055476529160732 0.21488767814487772 0.7055476529160732
0 0.12027295418556588 0.5120910384068273 0.2613932204299632 0.5120910384068273 0.2613932204299632 0.6728307254623036 0.12027295418556588 0.6728307254623036
0 0.30950240210418956 0.513513513513513 0.4506226683485869 0.513513513513513 0.4506226683485869 0.6742532005689892 0.30950240210418956 0.6742532005689892
0 0.28063689309965373 0.6116642958748217 0.421757159344051 0.6116642958748217 0.421757159344051 0.772403982930298 0.28063689309965373 0.772403982930298
0 0.138714807160686 0.637268847795163 0.2798350734050833 0.637268847795163 0.2798350734050833 0.7980085348506393 0.138714807160686 0.7980085348506393
0 0.21168039936659605 0.6998577524893306 0.3528006656109934 0.6998577524893306 0.3528006656109934 0.9900426742531996 0.21168039936659605 0.9900426742531996
0 0.13550752838240432 0.8221906116642954 0.24696046592769524 0.8221906116642954 0.24696046592769524 1.0000000000000002 0.13550752838240432 1.0000000000000002
0 0.04570372259051508 0.7467994310099568 0.140318446549827 0.7467994310099568 0.140318446549827 1.0 0.04570372259051508 1.0
0 0.0 0.6642958748221903 0.0922092648756005 0.6642958748221903 0.0922092648756005 1.0 0.0 1.0
0 0.028063689309965376 0.5817923186344234 0.1691839555543627 0.5817923186344234 0.1691839555543627 0.7425320056898995 0.028063689309965376 0.7425320056898995
0 0.20767130089374372 0.3769559032716923 0.348791567138141 0.3769559032716923 0.348791567138141 0.5376955903271685 0.20767130089374372 0.5376955903271685
0 0.1467330041063904 0.3783783783783779 0.28785327035078767 0.3783783783783779 0.28785327035078767 0.5391180654338541 0.1467330041063904 0.5391180654338541
0 0.11466021632357284 0.28165007112375484 0.25578048256797015 0.28165007112375484 0.25578048256797015 0.4423897581792311 0.11466021632357284 0.4423897581792311
0 0.004810918167422636 0.16216216216216142 0.10183110121044579 0.16216216216216142 0.10183110121044579 0.32290184921763754 0.004810918167422636 0.32290184921763754
0 0.03287460747738801 0.3954480796586055 0.17399487372178532 0.3954480796586055 0.17399487372178532 0.5561877667140819 0.03287460747738801 0.5561877667140819
0 0.45543358651600957 0.7083926031294447 0.6021665906223999 0.7083926031294447 0.6021665906223999 0.9331436699857745 0.45543358651600957 0.9331436699857745
0 0.5957520330658366 0.8250355618776665 0.6887631176360073 0.8250355618776665 0.6887631176360073 0.9487908961593162 0.5957520330658366 0.9487908961593162
0 0.3183224187444643 0.7738264580369836 0.4818936364368338 0.7738264580369836 0.4818936364368338 1.0000000000000002 0.3183224187444643 1.0000000000000002
0 0.02325277114254274 0.2532005689900421 0.16437303738694004 0.2532005689900421 0.16437303738694004 0.4139402560455184 0.02325277114254274 0.4139402560455184
0 0.4698663410182774 0.5618776671408245 0.6109866072626746 0.5618776671408245 0.6109866072626746 0.7226173541963008 0.4698663410182774 0.7226173541963008
0 0.6711230843554576 0.45803698435277335 0.8122433505998551 0.45803698435277335 0.8122433505998551 0.6187766714082495 0.6711230843554576 0.6187766714082495
0 0.600562951233259 0.5348506401137976 0.7416832174776564 0.5348506401137976 0.7416832174776564 0.6955903271692738 0.600562951233259 0.6955903271692738
0 0.6582939692423304 0.6372688477951635 0.7994142354867277 0.6372688477951635 0.7994142354867277 0.8406827880512086 0.6582939692423304 0.8406827880512086
0 0.7224395448079656 0.5561877667140821 0.8242706460184118 0.5561877667140821 0.8242706460184118 0.7169274537695584 0.7224395448079656 0.7169274537695584
0 0.8282797444912638 0.5889046941678524 0.9244981078397163 0.5889046941678524 0.9244981078397163 0.7496443812233288 0.8282797444912638 0.7496443812233288
0 0.8218651869347 0.745376955903271 0.9629854531790972 0.745376955903271 0.9629854531790972 1.0 0.8218651869347 1.0
0 0.8924253200568989 0.4324324324324323 0.9886436834053519 0.4324324324324323 0.9886436834053519 0.5931721194879086 0.8924253200568989 0.5931721194879086
0 0.8877452427601389 0.5277382645803689 0.9999999999999999 0.5277382645803689 0.9999999999999999 0.6884779516358452 0.8877452427601389 0.6884779516358452
0 0.7689450870930514 0.2645803698435269 0.8659652701360735 0.2645803698435269 0.8659652701360735 0.4253200568990028 0.7689450870930514 0.4253200568990028
0 0.6823485600794439 0.33712660028449465 0.7657378083147698 0.33712660028449465 0.7657378083147698 0.49786628733997085 0.6823485600794439 0.49786628733997085
0 0.5965538527604068 0.35704125177809337 0.7031958721382751 0.35704125177809337 0.7031958721382751 0.5177809388335696 0.5965538527604068 0.5177809388335696
0 0.6206084435975199 0.25177809388335654 0.7240431841971068 0.25177809388335654 0.7240431841971068 0.41251778093883273 0.6206084435975199 0.41251778093883273
0 0.5027409484956655 0.15789473684210484 0.6085811481789635 0.15789473684210484 0.6085811481789635 0.3285917496443805 0.5027409484956655 0.3285917496443805
