0 0.3029341115725494 0.5133213365763043 0.4260825992887196 0.5133213365763043 0.4260825992887196 0.6953981502320633 0.3029341115725494 0.6953981502320633
0 0.25530351394171064 0.5945098976035111 0.3937191772304003 0.5945098976035111 0.3937191772304003 0.7765867112592703 0.25530351394171064 0.7765867112592703
0 0.20946958048355147 0.7059602792829003 0.325733436196265 0.7059602792829003 0.325733436196265 0.965899688358507 0.20946958048355147 0.965899688358507
0 0.13050715629932116 0.6419041505872112 0.2467710120120348 0.6419041505872112 0.2467710120120348 0.8239809642429702 0.13050715629932116 0.8239809642429702
0 0.21635421248700798 0.39298318004625943 0.30335838218503064 0.39298318004625943 0.30335838218503064 0.5460523601142324 0.21635421248700798 0.5460523601142324
0 0.2275687600879507 0.5690665110899608 0.30800486412748446 0.5690665110899608 0.30800486412748446 0.6845265003052715 0.2275687600879507 0.6845265003052715
0 0.16127715645935461 0.5456549357714497 0.24483901015564877 0.5456549357714497 0.24483901015564877 0.6605561769081252 0.16127715645935461 0.6605561769081252
0 0.14836847145287324 0.5181740197409154 0.2224639561444143 0.5181740197409154 0.2224639561444143 0.5857470166027816 0.14836847145287324 0.5857470166027816
0 0.274450204321534 0.39852850562299125 0.4133197836553764 0.39852850562299125 0.4133197836553764 0.5302642707967564 0.274450204321534 0.5302642707967564
0 0.4193897168942371 0.22853427944888305 0.5252028041209394 0.22853427944888305 0.5252028041209394 0.3648095663870849 0.4193897168942371 0.3648095663870849
0 0.5586339850490855 0.6600571620055911 0.6748978407617992 0.6600571620055911 0.6748978407617992 0.8421339756613502 0.5586339850490855 0.8421339756613502
0 0.6327280641716195 0.6501320683029679 0.7489919198843331 0.6501320683029679 0.7489919198843331 0.8322088819587268 0.6327280641716195 0.8322088819587268
0 0.8056987490917985 0.7456549357714499 0.921962604804512 0.7456549357714499 0.921962604804512 1.0 0.8056987490917985 1.0
0 0.31101790253453787 0.767028981572977 0.46945012926842355 0.767028981572977 0.46945012926842355 1.0 0.31101790253453787 1.0
0 0.12513283844120668 0.8179231863442412 0.2413966941539203 0.8179231863442412 0.2413966941539203 1.0000000000000002 0.12513283844120668 1.0000000000000002
0 0.04682014940188652 0.7568544840541646 0.16738690011676063 0.7568544840541646 0.16738690011676063 0.9969465648854956 0.04682014940188652 0.9969465648854956
0 0.0 0.6651424083151347 0.07862904930359624 0.6651424083151347 0.07862904930359624 0.9444211928362557 0.0 0.9444211928362557
0 0.565749286662437 0.8179231863442404 0.6820131423751506 0.8179231863442404 0.6820131423751506 0.9597465954328143 0.565749286662437 0.9597465954328143
0 0.7172111907384847 0.5884030273745039 0.8024942024356426 0.5884030273745039 0.8024942024356426 0.7048309860684303 0.7172111907384847 0.7048309860684303
0 0.5874069228983608 0.5416871856191786 0.7131371476158277 0.5416871856191786 0.7131371476158277 0.6971973982821712 0.5874069228983608 0.6971973982821712
0 0.46502433587267217 0.5698403847548799 0.5692400855793369 0.5698403847548799 0.5692400855793369 0.7335965877236161 0.46502433587267217 0.7335965877236161
0 0.8015603353605659 0.6155759027635469 0.8963097160624764 0.6155759027635469 0.8963097160624764 0.7411641668009852 0.8015603353605659 0.7411641668009852
0 0.8798597004970672 0.5572458054725339 0.9711667651972499 0.5572458054725339 0.9711667651972499 0.7257801872396983 0.8798597004970672 0.7257801872396983
0 0.6104993946849053 0.2876396685958774 0.6751285103716935 0.2876396685958774 0.6751285103716935 0.396434039503545 0.6104993946849053 0.396434039503545
0 0.5705130057330047 0.36353895087264293 0.6644018074344837 0.36353895087264293 0.6644018074344837 0.5166081309406156 0.5705130057330047 0.5166081309406156
0 0.5597252336594121 0.21741066096228978 0.6484505613582988 0.21741066096228978 0.6484505613582988 0.39948747461804873 0.5597252336594121 0.39948747461804873
0 0.65816981966677 0.3675740425586881 0.7460345683652245 0.3675740425586881 0.7460345683652245 0.49316230659612637 0.65816981966677 0.49316230659612637
0 0.7662118194749188 0.29637839827136636 0.8712881481820153 0.29637839827136636 0.8712881481820153 0.48150864704162893 0.7662118194749188 0.48150864704162893
0 0.03465751441573951 0.4050445346646467 0.14489731712542844 0.4050445346646467 0.14489731712542844 0.5474266918318561 0.03465751441573951 0.5474266918318561
0 0.1554887524713248 0.3685556991302284 0.2431178521547841 0.3685556991302284 0.2431178521547841 0.5124645738546894 0.1554887524713248 0.5124645738546894
0 0.10487979386117859 0.2871317157971177 0.19790801656222579 0.2871317157971177 0.19790801656222579 0.4600482241093653 0.10487979386117859 0.4600482241093653
0 0.022049450342424465 0.3037333809140028 0.10991419904087905 0.3037333809140028 0.10991419904087905 0.42485269166587325 0.022049450342424465 0.42485269166587325
0 3.325127195216775e-18 0.2403114243210683 0.08043610403953365 0.2403114243210683 0.08043610403953365 0.35165127754447983 3.325127195216775e-18 0.35165127754447983
0 0.3660949585621918 0.661685470122595 0.4823588142749054 0.661685470122595 0.4823588142749054 0.8437622837783542 0.3660949585621918 0.8437622837783542
0 0.4079874304113463 0.4167571345766973 0.5311359181275171 0.4167571345766973 0.5311359181275171 0.5805133375454334 0.4079874304113463 0.5805133375454334
0 0.41979444352927375 0.33966613976875837 0.5240101932359384 0.33966613976875837 0.5240101932359384 0.4331933351039069 0.41979444352927375 0.4331933351039069
0 0.6592071991195405 0.48305951592412133 0.7814951078352795 0.48305951592412133 0.7814951078352795 0.591853886831789 0.6592071991195405 0.591853886831789
0 0.47366733361620283 0.6922198212676333 0.5727196093202744 0.6922198212676333 0.5727196093202744 0.9216248791982018 0.47366733361620283 0.9216248791982018
0 0.7874297853953621 0.47022900763358794 0.8855357914446205 0.47022900763358794 0.8855357914446205 0.5908396946564887 0.7874297853953621 0.5908396946564887
0 0.2720223758176319 0.4636563216652017 0.34682960855276634 0.4636563216652017 0.34682960855276634 0.5953514559316474 0.2720223758176319 0.5953514559316474
0 6.280795813187241e-18 0.521906946184912 0.10873711143682596 0.521906946184912 0.10873711143682596 0.6415147511438217 6.280795813187241e-18 0.6415147511438217
0 0.517809715231579 0.25292973428518944 0.6073956219308978 0.25292973428518944 0.6073956219308978 0.43500654794094845 0.517809715231579 0.43500654794094845
