0 0.13310206929869295 0.295874822190611 0.20847312058831427 0.295874822190611 0.20847312058831427 0.453769559032716 0.13310206929869295 0.453769559032716
0 0.6454648541292035 0.2674253200568986 0.71121406908398 0.2674253200568986 0.71121406908398 0.4082503556187759 0.6454648541292035 0.4082503556187759
0 0.6959794948871412 0.3513513513513506 0.7777651037333256 0.3513513513513506 0.7777651037333256 0.5092460881934556 0.6959794948871412 0.5092460881934556
0 0.7753596446496155 0.2532005689900419 0.8811998443329129 0.2532005689900419 0.8811998443329129 0.4352773826458027 0.7753596446496155 0.4352773826458027
0 0.5011373091065243 0.1621621621621615 0.5981574921495476 0.1621621621621615 0.5981574921495476 0.34850640113797915 0.5011373091065243 0.34850640113797915
0 0.6085811481789632 0.36842105263157904 0.6967813145817112 0.36842105263157904 0.6967813145817112 0.5163584637268848 0.6085811481789632 0.5163584637268848
0 0.012027295418556613 0.18207681365576034 0.08739834670817795 0.18207681365576034 0.08739834670817795 0.33997155049786537 0.012027295418556613 0.33997155049786537
0 0.5765083603961457 0.22190611664295826 0.6574921495477607 0.22190611664295826 0.6574921495477607 0.4139402560455184 0.5765083603961457 0.4139402560455184
0 0.0424964438122333 0.23328591749644312 0.14673300410639034 0.23328591749644312 0.14673300410639034 0.41820768136557523 0.0424964438122333 0.41820768136557523
0 0.05853283770364209 0.3826458036984345 0.10102928151587547 0.3826458036984345 0.10102928151587547 0.4793741109530572 0.05853283770364209 0.4793741109530572
0 0.16838213585979228 0.3698435277382639 0.2581859416516815 0.3698435277382639 0.2581859416516815 0.527738264580369 0.16838213585979228 0.527738264580369
0 0.29827692638020326 0.38833570412517787 0.4209553396494803 0.38833570412517787 0.4209553396494803 0.5462304409672829 0.29827692638020326 0.5462304409672829
0 0.23332953111999744 0.3911806543385488 0.3062951233259073 0.3911806543385488 0.3062951233259073 0.5817923186344236 0.23332953111999744 0.5817923186344236
0 0.28865509004535767 0.469416785206259 0.3664316004186904 0.469416785206259 0.3664316004186904 0.5732574679943102 0.28865509004535767 0.5732574679943102
0 0.3223315172173165 0.5035561877667141 0.44500993048659354 0.5035561877667141 0.44500993048659354 0.6870554765291605 0.3223315172173165 0.6870554765291605
0 0.23894226898199059 0.534850640113798 0.3319533535521615 0.534850640113798 0.3319533535521615 0.6543385490753911 0.23894226898199059 0.6543385490753911
0 0.2782314340159425 0.6244665718349924 0.41935170026033985 0.6244665718349924 0.41935170026033985 0.7823613086770974 0.2782314340159425 0.7823613086770974
0 0.03608188625566977 0.40398293029871923 0.16437303738694012 0.40398293029871923 0.16437303738694012 0.5618776671408243 0.03608188625566977 0.5618776671408243
0 0.15715666013580593 0.4722617354196291 0.23413135081456837 0.4722617354196291 0.23413135081456837 0.5789473684210517 0.15715666013580593 0.5789473684210517
0 0.12588569204755873 0.5334281650071123 0.25337502348425855 0.5334281650071123 0.25337502348425855 0.6642958748221905 0.12588569204755873 0.6642958748221905
0 0.0 0.5860597439544811 0.1764003328054965 0.5860597439544811 0.1764003328054965 0.7439544807965863 0.0 0.7439544807965863
0 0.0 0.7211948790896153 0.08018196945704373 0.7211948790896153 0.08018196945704373 0.9758179231863434 0.0 0.9758179231863434
0 0.1419220859389675 0.6458036984352773 0.2766277946268013 0.6458036984352773 0.2766277946268013 0.8022759601706969 0.1419220859389675 0.8022759601706969
0 0.06254193617649402 0.7482219061166434 0.1820130706674895 0.7482219061166434 0.1820130706674895 0.9900426742532005 0.06254193617649402 0.9900426742532005
0 0.11866931479642477 0.8136557610241816 0.2533750234842586 0.8136557610241816 0.2533750234842586 1.0 0.11866931479642477 1.0
0 0.22932043264714555 0.766714082503558 0.34077337019243675 0.766714082503558 0.34077337019243675 0.9943100995732577 0.22932043264714555 0.9943100995732577
0 0.3247369763010279 0.7724039829302999 0.489110013687968 0.7724039829302999 0.489110013687968 0.9999999999999993 0.3247369763010279 0.9999999999999993
0 0.44100083201374174 0.7083926031294464 0.6053738694006819 0.7083926031294464 0.6053738694006819 0.9502133712660019 0.44100083201374174 0.9502133712660019
0 0.3696388791969722 0.6600284495021337 0.4851009152151157 0.6600284495021337 0.4851009152151157 0.8065433854907534 0.3696388791969722 0.8065433854907534
0 0.47547907888027013 0.5561877667140825 0.5909411148984136 0.5561877667140825 0.5909411148984136 0.7027027027027023 0.47547907888027013 0.7027027027027023
0 0.43378445476260735 0.44096728307254623 0.5492464907807508 0.44096728307254623 0.5492464907807508 0.587482219061166 0.43378445476260735 0.587482219061166
0 0.433784454762607 0.3812233285917496 0.5492464907807504 0.3812233285917496 0.5492464907807504 0.47652916073968654 0.433784454762607 0.47652916073968654
0 0.44260447140288117 0.22475106685633006 0.49311911216081916 0.22475106685633006 0.49311911216081916 0.3058321479374105 0.44260447140288117 0.3058321479374105
0 0.8957634397058416 0.516358463726884 0.9999999999999994 0.516358463726884 0.9999999999999994 0.6998577524893311 0.8957634397058416 0.6998577524893311
0 0.8300142247510655 0.5661450924608811 0.9342507850452234 0.5661450924608811 0.9342507850452234 0.7496443812233283 0.8300142247510655 0.7496443812233283
0 0.6215411041627513 0.5305832147937408 0.754643173461445 0.5305832147937408 0.754643173461445 0.7140825035561883 0.6215411041627513 0.7140825035561883
0 0.7233722053731968 0.5945945945945942 0.8147796505542277 0.5945945945945942 0.8147796505542277 0.6984352773826461 0.7233722053731968 0.6984352773826461
0 0.6832812206446748 0.6586059743954477 0.7746886658257057 0.6586059743954477 0.7746886658257057 0.8520625889046947 0.6832812206446748 0.8520625889046947
0 0.603099251187631 0.6742532005689896 0.7041285327035072 0.6742532005689896 0.7041285327035072 0.8677098150782366 0.603099251187631 0.8677098150782366
0 0.6006937921039197 0.8065433854907531 0.6921012372849505 0.8065433854907531 0.6921012372849505 1.0 0.6006937921039197 1.0
0 0.8419583511721385 0.7607897948920995 0.9333657963531694 0.7607897948920995 0.9333657963531694 1.0 0.8419583511721385 1.0
