0 0.6727292115873976 0.28864099645258645 0.06994181811875698 0.11948529411764706
0 0.632552711864555 0.4886603550060885 0.0932557574916757 0.1930147058823526
0 0.29706957769601167 0.7425994897283849 0.14869112444506102 0.16864195610737512
0 0.09796681004722974 0.7496099334198122 0.11544025669735394 0.1496126634722297
0 0.16409431939309357 0.806756962460952 0.13263041065482795 0.18566176470588233
0 0.4851889827275249 0.7306985294117646 0.10206324569922302 0.10477941176470594
0 0.8485877555135505 0.7441047413564885 0.10568985849056603 0.16544117647058826
0 0.04222413464206437 0.6488970588235293 0.08444826928412874 0.1617647058823529
0 0.05647154203662596 0.9117647058823525 0.09636428274139842 0.17647058823529366
0 0.3382897137088154 0.9283659064435855 0.15749861265260826 0.13786764705882348
0 0.3714687673418424 0.8409926470588235 0.1243410099889012 0.17830882352941174
0 0.4880277387217773 0.8761122895377771 0.12952188540510548 0.23169954863133302
0 0.2289946933962264 0.8993566176470573 0.10258133324084345 0.20128676470588183
0 0.5424376560765816 0.26884191176470584 0.10879838374028865 0.11856617647058823
0 0.40735787115320166 0.5638786764705882 0.1352208483629301 0.13878676470588233
0 0.2670510445970374 0.5126963983163022 0.11605160932297451 0.1341911764705882
0 0.46209818006807546 0.47925615171811314 0.12051061298901754 0.1555343953512999
0 0.6841345987097669 0.7899816176470589 0.12485909753052177 0.17922794117647073
0 0.6045813473593822 0.8541866594747703 0.08886437101153248 0.2306985294117646
0 0.8759750474301728 0.9057904411764706 0.10889817738016778 0.18841911764705865
0 0.12926447377326508 0.3884794269868162 0.11087073390677021 0.14981617647058806
0 0.7771313124306326 0.4489889705882353 0.09429193257491676 0.140625
0 0.8178440863864758 0.5925615999099909 0.11035264636514983 0.15900735294117646
0 0.9058760665233074 0.5625 0.12382292244728077 0.15257352941176477
0 0.04636883497502773 0.3080024454651348 0.09273766995005546 0.10386029411764702
0 0.5292264237652607 0.45634191176470595 0.09170149486681467 0.1387867647058824
0 0.5570068280109431 0.6204044117647053 0.14597524519897837 0.1047794117647059
0 0.7022676626664816 0.6902573529411765 0.10206324569922302 0.18382352941176472
0 0.31344296268035515 0.620404411764706 0.11708778440621533 0.09191176470588239
0 0.9092436355438401 0.7913602941176472 0.0766769561598224 0.2426470588235294
0 0.4569532117092119 0.28584558823529416 0.04662787874583792 0.1139705882352941
0 0.5099193855636951 0.31516221475088685 0.06631520532741397 0.13419117647058823
0 0.6235216206181176 0.29968943585535024 0.06268859253607097 0.13602941176470587
0 0.701328016945181 0.4438957682532959 0.057507717119866866 0.15257352941176477
0 0.4413264137222892 0.6779824581722877 0.10413559586570478 0.1737132352941176
0 0.9429193257491675 0.6530330882352942 0.11294308407325189 0.1351102941176471
0 0.045975722645967394 0.4679926172764335 0.08884292004221227 0.15041182427066305
0 0.19039717154550498 0.38924632352941174 0.08548444436736957 0.16268382352941171
0 0.15450433713078593 0.6129621234182235 0.1313871870851072 0.12917118917774054
0 0.9550984579590035 0.7425742574257426 0.08980308408199306 0.14761476147614758
0 0.9556164342849375 0.8622862286228606 0.08067056705670543 0.17461746174617448
0 0.6443498123397242 0.364086408640864 0.09132517025287364 0.10531053105310527
0 0.5995378047793671 0.6987010741515336 0.11027663532169037 0.1084732554137768
0 0.5339985649508346 0.5481548154815481 0.09183253230983475 0.07380738073807379
0 0.4326030972530521 0.3524816176470588 0.09532810765815754 0.1351102941176471
0 0.06035719859877914 0.3731617647058823 0.08133974403440623 0.1213235294117649
0 0.5978730230299667 0.4577205882352942 0.062170504994450655 0.10845588235294124
0 0.1217505722807991 0.9448529411764706 0.13573893590455047 0.10661764705882348
0 0.11061169013596003 0.6484375 0.08237591911764705 0.09099264705882362
0 0.2515883931579548 0.6453728093397578 0.12758803388836382 0.08823529411764706
0 0.1333721012353386 0.5313728523587651 0.14122991772505486 0.11109906946576985
0 0.603253485725931 0.9518451845184518 0.09335461848071602 0.09630963096309628
