0 0.2893632888414213 0.5148260512305926 0.4125117765575916 0.5148260512305926 0.4125117765575916 0.6969028648863516 0.2893632888414213 0.6969028648863516
0 0.25530351394171064 0.5945098976035111 0.3937191772304003 0.5945098976035111 0.3937191772304003 0.7765867112592703 0.25530351394171064 0.7765867112592703
0 0.20946958048355138 0.7059602792829008 0.32573343619626494 0.7059602792829008 0.32573343619626494 0.9839562642099665 0.20946958048355138 0.9839562642099665
0 0.13050715629932116 0.6419041505872112 0.2467710120120348 0.6419041505872112 0.2467710120120348 0.8239809642429702 0.13050715629932116 0.8239809642429702
0 0.21635421248700798 0.39298318004625943 0.30335838218503064 0.39298318004625943 0.30335838218503064 0.5460523601142324 0.21635421248700798 0.5460523601142324
0 0.0911071892053393 0.40733756656781234 0.19610986622924917 0.40733756656781234 0.19610986622924917 0.5412574459699877 0.0911071892053393 0.5412574459699877
0 0.14183200442971586 0.5957464243816333 0.2205147903873579 0.5957464243816333 0.2205147903873579 0.6652795038948726 0.14183200442971586 0.6652795038948726
0 0.274450204321534 0.39852850562299125 0.4133197836553764 0.39852850562299125 0.4133197836553764 0.5302642707967564 0.274450204321534 0.5302642707967564
0 0.4567094794048392 0.2691615751146659 0.5243546277002434 0.2691615751146659 0.5243546277002434 0.40543686205286755 0.4567094794048392 0.40543686205286755
0 0.5586339850490855 0.6600571620055911 0.6748978407617992 0.6600571620055911 0.6748978407617992 0.8421339756613502 0.5586339850490855 0.8421339756613502
0 0.6327280641716195 0.6501320683029679 0.7489919198843331 0.6501320683029679 0.7489919198843331 0.8322088819587268 0.6327280641716195 0.8322088819587268
0 0.7887352206778871 0.7622067969686214 0.9049990763906004 0.7622067969686214 0.9049990763906004 1.0 0.7887352206778871 1.0
0 0.31101790253453787 0.767028981572977 0.46945012926842355 0.767028981572977 0.46945012926842355 1.0 0.31101790253453787 1.0
0 0.09968754582034153 0.8179231863442408 0.24054851773322483 0.8179231863442408 0.24054851773322483 0.9999999999999998 0.09968754582034153 0.9999999999999998
0 0.04682014940188652 0.7568544840541646 0.16738690011676063 0.7568544840541646 0.16738690011676063 0.9969465648854956 0.04682014940188652 0.9969465648854956
0 0.565749286662437 0.8179231863442404 0.6820131423751506 0.8179231863442404 0.6820131423751506 0.9793078859385613 0.565749286662437 0.9793078859385613
0 0.7172111907384847 0.5884030273745039 0.8024942024356426 0.5884030273745039 0.8024942024356426 0.7048309860684303 0.7172111907384847 0.7048309860684303
0 0.5814696879534923 0.5431919002734668 0.7071999126709592 0.5431919002734668 0.7071999126709592 0.6987021129364595 0.5814696879534923 0.6987021129364595
0 0.4582389245071083 0.5562979528662855 0.562454674213773 0.5562979528662855 0.562454674213773 0.7200541558350219 0.4582389245071083 0.7200541558350219
0 0.7956231004156975 0.5884910389863582 0.8903724811176081 0.5884910389863582 0.8903724811176081 0.7306311642209675 0.7956231004156975 0.7306311642209675
0 0.8696815834487209 0.5361798003124982 0.9609886481489036 0.5361798003124982 0.9609886481489036 0.7047141820796626 0.8696815834487209 0.7047141820796626
0 0.6104993946849053 0.2876396685958774 0.6751285103716935 0.2876396685958774 0.6751285103716935 0.396434039503545 0.6104993946849053 0.396434039503545
0 0.5705130057330047 0.36353895087264293 0.6644018074344837 0.36353895087264293 0.6644018074344837 0.5166081309406156 0.5705130057330047 0.5166081309406156
0 0.5597252336594121 0.21741066096228978 0.6484505613582988 0.21741066096228978 0.6484505613582988 0.39948747461804873 0.5597252336594121 0.39948747461804873
0 0.6649552310323342 0.3720881865215528 0.7545163325721801 0.3720881865215528 0.7545163325721801 0.5082094531390088 0.6649552310323342 0.5082094531390088
0 0.7500964674817041 0.2888548249999248 0.8831626180717524 0.2888548249999248 0.8831626180717524 0.47398507377018734 0.7500964674817041 0.47398507377018734
0 0.5050870689211465 0.2724910247909368 0.5946729756204653 0.2724910247909368 0.5946729756204653 0.45456783844669574 0.5050870689211465 0.45456783844669574
0 0.03465751441573951 0.4050445346646467 0.14489731712542844 0.4050445346646467 0.14489731712542844 0.5474266918318561 0.03465751441573951 0.5474266918318561
0 0.17075592804384387 0.3414708353530397 0.2583850277273032 0.3414708353530397 0.2583850277273032 0.4853797100775006 0.17075592804384387 0.4853797100775006
0 0.1235396751164795 0.27810342787138814 0.21656789781752656 0.27810342787138814 0.21656789781752656 0.43446807498646495 0.1235396751164795 0.43446807498646495
0 0.016960391818251437 0.3383418179626327 0.13111860955826668 0.3383418179626327 0.13111860955826668 0.459461128714503 0.016960391818251437 0.459461128714503
0 3.389993968321089e-18 0.2403114243210681 0.09061422108787971 0.2403114243210681 0.09061422108787971 0.35165127754447956 3.389993968321089e-18 0.35165127754447956
0 0.35422048867245487 0.6601807554683067 0.47048434438516845 0.6601807554683067 0.47048434438516845 0.8422575691240658 0.35422048867245487 0.8422575691240658
0 0.40459472472856406 0.39719584407095015 0.5277432124447349 0.39719584407095015 0.5277432124447349 0.6045887720140457 0.40459472472856406 0.6045887720140457
0 0.4138572085844056 0.2930199854858222 0.48075319578046766 0.2930199854858222 0.48075319578046766 0.38654718082097067 0.4138572085844056 0.38654718082097067
0 0.6592071991195405 0.48305951592412133 0.7814951078352795 0.48305951592412133 0.7814951078352795 0.591853886831789 0.6592071991195405 0.591853886831789
0 0.47366733361620283 0.6922198212676333 0.5727196093202744 0.6922198212676333 0.5727196093202744 0.9216248791982018 0.47366733361620283 0.9216248791982018
0 0.7874297853953621 0.47022900763358794 0.8855357914446205 0.47022900763358794 0.8855357914446205 0.5908396946564887 0.7874297853953621 0.5908396946564887
0 0.27202237581763156 0.4997694733681197 0.34682960855276596 0.4997694733681197 0.34682960855276596 0.5682665921544586 0.27202237581763156 0.5682665921544586
0 0.0 0.5113739436048942 0.108737111436826 0.5113739436048942 0.108737111436826 0.6309817485638038 0.0 0.6309817485638038
0 0.0 0.6711612669322874 0.13884957517297702 0.6711612669322874 0.13884957517297702 0.9615711952099234 0.0 0.9615711952099234
0 0.17075592804384407 0.28128224918150935 0.24905508709965268 0.28128224918150935 0.24905508709965268 0.36650725238872817 0.17075592804384407 0.36650725238872817
0 0.41475826972010177 0.20614590763749155 0.4673452078032231 0.20614590763749155 0.4673452078032231 0.29793350154907533 0.41475826972010177 0.29793350154907533
0 4.896657954241571e-18 0.6167039694050717 0.08329181881596087 0.6167039694050717 0.08329181881596087 0.7363117743639813 4.896657954241571e-18 0.7363117743639813
