0 0.1234802329638476 0.29445234708392565 0.2084731205883142 0.29445234708392565 0.2084731205883142 0.4523470839260308 0.1234802329638476 0.4523470839260308
0 0.20966235527995847 0.24158310472303043 0.2640485078762734 0.24158310472303043 0.2640485078762734 0.37089987272140934 0.20966235527995847 0.37089987272140934
0 0.2982607987825031 0.4573467694931682 0.3566741533562065 0.4573467694931682 0.3566741533562065 0.5523699748790738 0.2982607987825031 0.5523699748790738
0 0.29826079878250294 0.3844729489416654 0.42674746776276434 0.3844729489416654 0.42674746776276434 0.5380809904572113 0.29826079878250294 0.5380809904572113
0 0.32161857025135626 0.5045004180853173 0.446078037254229 0.5045004180853173 0.446078037254229 0.6838286315602174 0.32161857025135626 0.6838286315602174
0 0.28054111008199467 0.621670090344598 0.41224954064416663 0.621670090344598 0.41224954064416663 0.7795648271867032 0.28054111008199467 0.7795648271867032
0 0.32865555725119966 0.784040717203811 0.4861380804686572 0.784040717203811 0.4861380804686572 1.0000000000000002 0.32865555725119966 1.0000000000000002
0 0.42656807751147274 0.3598862019914645 0.5508501301698906 0.3598862019914645 0.5508501301698906 0.4665718349928867 0.42656807751147274 0.4665718349928867
0 0.43218081537346675 0.19345661450924606 0.489110013687968 0.19345661450924606 0.489110013687968 0.2972972972972969 0.43218081537346675 0.2972972972972969
0 0.6174011648192381 0.8691322901849208 0.7023940524437048 0.8691322901849208 0.7023940524437048 0.9615931721194874 0.6174011648192381 0.9615931721194874
0 0.6005629512332586 0.7055476529160738 0.6855558388577252 0.7055476529160738 0.6855558388577252 0.8805120910384066 0.6005629512332586 0.8805120910384066
0 0.6807449206903027 0.6514935988620199 0.7825760219007486 0.6514935988620199 0.7825760219007486 0.8733997155049784 0.6807449206903027 0.8733997155049784
0 0.6214102632920899 0.5533428165007106 0.7617287098419175 0.5533428165007106 0.7617287098419175 0.7112375533428157 0.6214102632920899 0.7112375533428157
0 0.7328632008373814 0.5561877667140822 0.8178560884618481 0.5561877667140822 0.8178560884618481 0.7140825035561873 0.7328632008373814 0.7140825035561873
0 0.6053738694006814 0.36699857752489284 0.6951776751925703 0.36699857752489284 0.6951776751925703 0.5120910384068273 0.6053738694006814 0.5120910384068273
0 0.6334375587106478 0.2745376955903266 0.716024987251402 0.2745376955903266 0.716024987251402 0.4125177809388329 0.6334375587106478 0.4125177809388329
0 0.5837247376472798 0.24893314366998517 0.6510775919911972 0.24893314366998517 0.6510775919911972 0.4224751066856321 0.5837247376472798 0.4224751066856321
0 0.841108859604391 0.6088193456614506 0.9261017472288576 0.6088193456614506 0.9261017472288576 0.7667140825035557 0.841108859604391 0.7667140825035557
0 0.7769632840387557 0.2660028449502127 0.8707761883034969 0.2660028449502127 0.8707761883034969 0.42389758179231773 0.7769632840387557 0.42389758179231773
0 0.5059482272739471 0.18065433854907498 0.6005629512332591 0.18065433854907498 0.6005629512332591 0.33854907539118 0.5059482272739471 0.33854907539118
0 0.8900198609731872 0.4665718349928869 1.0 0.4665718349928869 1.0 0.5732574679943093 0.8900198609731872 0.5732574679943093
0 0.8964344185297521 0.5405405405405406 0.9959909015271483 0.5405405405405406 0.9959909015271483 0.7155049786628742 0.8964344185297521 0.7155049786628742
0 0.8346943020478271 0.7638691322901832 0.9735399500791749 0.7638691322901832 0.9735399500791749 1.0 0.8346943020478271 1.0
0 0.6983849539708527 0.3613086770981508 0.7825760219007487 0.3613086770981508 0.7825760219007487 0.4992887624466572 0.6983849539708527 0.4992887624466572
0 0.7681432673984808 0.36984352773826457 0.9629854531790977 0.36984352773826457 0.9629854531790977 0.45376955903271693 0.7681432673984808 0.45376955903271693
0 0.46246743975138294 0.7435023664642731 0.5467551371196145 0.6641302953817146 0.6202334524666713 0.9097094945826065 0.5359457550984397 0.9890815656651651
0 0.4875063742988271 0.5689900426742529 0.6021665906223999 0.5689900426742529 0.6021665906223999 0.7197724039829303 0.4875063742988271 0.7197724039829303
0 0.4313789956788964 0.4566145092460879 0.5612737861993073 0.4566145092460879 0.5612737861993073 0.6059743954480787 0.4313789956788964 0.6059743954480787
0 0.21647809491488768 0.3400828442380012 0.26781273018111185 0.40095236789136185 0.215245764581182 0.54047973437729 0.16391112931495783 0.4796102107239295
0 0.23946364991263247 0.39590413647915496 0.3019042064637241 0.39590413647915496 0.3019042064637241 0.5695167561853105 0.23946364991263247 0.5695167561853105
0 0.25718333861314135 0.5173605040649938 0.319623895164233 0.5173605040649938 0.319623895164233 0.6909731237711494 0.25718333861314135 0.6909731237711494
0 0.049379716579900625 0.31159912839016074 0.13034540222697888 0.31159912839016074 0.13034540222697888 0.4080512322182538 0.049379716579900625 0.4080512322182538
0 0.06307220330302114 0.40733532401664535 0.09651690561691643 0.40733532401664535 0.09651690561691643 0.4652071699057075 0.06307220330302114 0.4652071699057075
0 0.015551219969838173 0.23158081562772564 0.09651690561691642 0.23158081562772564 0.09651690561691642 0.3280329194558187 0.015551219969838173 0.3280329194558187
0 0.1581141699693871 0.4787802461259624 0.23907985561646536 0.4787802461259624 0.23907985561646536 0.5752323499540555 0.1581141699693871 0.5752323499540555
0 0.17905562025180669 0.548796269793093 0.26002130589888495 0.548796269793093 0.26002130589888495 0.6452483736211861 0.17905562025180669 0.6452483736211861
0 0.22174396121212364 0.7016884031070321 0.3309000607009206 0.7016884031070321 0.3309000607009206 0.9810395075349759 0.22174396121212364 0.9810395075349759
0 0.14981191355884782 0.6415754005416676 0.28109869802170945 0.6415754005416676 0.28109869802170945 0.8301899949102645 0.14981191355884782 0.8301899949102645
0 0.0171621007607942 0.6102389028071072 0.1738391835827741 0.6102389028071072 0.1738391835827741 0.7681336396492124 0.0171621007607942 0.7681336396492124
0 0.11924342458541692 0.726026566013925 0.17707136830433204 0.7945954643759963 0.09968516493679701 1.0 0.0418572212178819 0.9314311016379287
0 0.09709782254503178 0.371296331258946 0.1534401940232817 0.43810372738820713 0.09702112028512325 0.5878556616765944 0.04067874880687333 0.5210482655473334
0 0.1192051785306961 0.8113854056314032 0.25049196299355775 0.8113854056314032 0.25049196299355775 1.0 0.1192051785306961 1.0
0 0.10146505246857418 0.7320477067914894 0.10603385222692464 0.9571287884545174 0.004568799758350419 0.9636108854626618 -5.02742501717052e-17 0.7385298037996338
