0 0.29506964760192167 0.3684210526315785 0.43618991384631894 0.3684210526315785 0.43618991384631894 0.5291607396870547 0.29506964760192167 0.5291607396870547
0 0.31190786118790087 0.5078236130867705 0.45302812743229814 0.5078236130867705 0.45302812743229814 0.6685633001422467 0.31190786118790087 0.6685633001422467
0 0.43538809415174856 0.4125177809388331 0.5765083603961458 0.4125177809388331 0.5765083603961458 0.5732574679943093 0.43538809415174856 0.5732574679943093
0 0.23894226898199086 0.5291607396870548 0.3319533535521619 0.5291607396870548 0.3319533535521619 0.689900426742531 0.23894226898199086 0.689900426742531
0 0.2670059582919563 0.6088193456614505 0.4081262245363536 0.6088193456614505 0.4081262245363536 0.7695590327169267 0.2670059582919563 0.7695590327169267
0 0.4658572425454256 0.706970128022759 0.6069775087898229 0.706970128022759 0.6069775087898229 0.9388335704125169 0.4658572425454256 0.9388335704125169
0 0.614995705735527 0.8392603129445242 0.7096104296948387 0.8392603129445242 0.7096104296948387 0.9530583214793743 0.614995705735527 0.9530583214793743
0 0.461848144072573 0.5504978662873394 0.6029684103169703 0.5504978662873394 0.6029684103169703 0.7112375533428157 0.461848144072573 0.7112375533428157
0 0.6246175420703722 0.6756756756756743 0.7064031509165575 0.6756756756756743 0.7064031509165575 0.8805120910384051 0.6246175420703722 0.8805120910384051
0 0.6871594782468667 0.6500711237553335 0.8002160551812986 0.6500711237553335 0.8002160551812986 0.850640113798008 0.6871594782468667 0.850640113798008
0 0.6029684103169703 0.5348506401137976 0.7440886765613677 0.5348506401137976 0.7440886765613677 0.6955903271692738 0.6029684103169703 0.6955903271692738
0 0.42977535628975544 0.19345661450924564 0.49472275154996104 0.19345661450924564 0.49472275154996104 0.3015647226173536 0.42977535628975544 0.3015647226173536
0 0.5981574921495476 0.362731152204836 0.699988593359993 0.362731152204836 0.699988593359993 0.5234708392603121 0.5981574921495476 0.5234708392603121
0 0.6759340025228799 0.3513513513513511 0.7745578249550439 0.3513513513513511 0.7745578249550439 0.5120910384068272 0.6759340025228799 0.5120910384068272
0 0.6358430177943581 0.253200568990042 0.7112140690839793 0.253200568990042 0.7112140690839793 0.3997155049786623 0.6358430177943581 0.3997155049786623
0 0.5508501301698919 0.2418207681365572 0.6526812313803377 0.2418207681365572 0.6526812313803377 0.4025604551920335 0.5508501301698919 0.4025604551920335
0 0.7360704796156627 0.6002844950213366 0.8042251536541505 0.6002844950213366 0.8042251536541505 0.7126600284495009 0.7360704796156627 0.7126600284495009
0 0.8419106792989615 0.6045519203413935 0.9212908290614342 0.6045519203413935 0.9212908290614342 0.7183499288762439 0.8419106792989615 0.7183499288762439
0 0.8941598003167021 0.5149359886201986 0.9999999999999994 0.5149359886201986 0.9999999999999994 0.6756756756756749 0.8941598003167021 0.6756756756756749
0 0.7737560052604741 0.26458036984352723 0.8755871064709202 0.26458036984352723 0.8755871064709202 0.4253200568990035 0.7737560052604741 0.4253200568990035
0 0.49311911216082016 0.1536273115220479 0.5909411148984136 0.1536273115220479 0.5909411148984136 0.35846372688477873 0.49311911216082016 0.35846372688477873
0 0.21168039936659605 0.40256045519203404 0.3078987627150487 0.40256045519203404 0.3078987627150487 0.5633001422475103 0.21168039936659605 0.5633001422475103
0 0.15635484044123563 0.3655761024182072 0.25096956440054746 0.3655761024182072 0.25096956440054746 0.5476529160739676 0.15635484044123563 0.5476529160739676
0 0.15234574196838332 0.49359886201991415 0.23493317050913864 0.49359886201991415 0.23493317050913864 0.6017069701280217 0.15234574196838332 0.6017069701280217
0 0.173193054027215 0.5504978662873392 0.2637986795136745 0.5504978662873392 0.2637986795136745 0.667140825035561 0.173193054027215 0.667140825035561
0 0.1483366434955311 0.6443812233285915 0.2790332537105128 0.6443812233285915 0.2790332537105128 0.8051209103840676 0.1483366434955311 0.8051209103840676
0 0.016036393891408787 0.5917496443812228 0.1571566601358061 0.5917496443812228 0.1571566601358061 0.752489331436699 0.016036393891408787 0.752489331436699
0 0.0 0.6714082503556185 0.1138583966290024 0.6714082503556185 0.1138583966290024 0.7837837837837831 0.0 0.7837837837837831
0 0.32874607477387996 0.7539118065433851 0.4899118333825382 0.7539118065433851 0.4899118333825382 1.0 0.32874607477387996 1.0
0 0.23092407203628665 0.7923186344238977 0.3151151399661826 0.7923186344238977 0.3151151399661826 0.9815078236130866 0.23092407203628665 0.9815078236130866
0 0.0 0.7297297297297283 0.08258742854075526 0.7297297297297283 0.08258742854075526 0.9999999999999999 0.0 0.9999999999999999
0 0.03207278778281757 0.4153627311522052 0.1555530207466652 0.4153627311522052 0.1555530207466652 0.5761024182076816 0.03207278778281757 0.5761024182076816
0 0.046505542285085494 0.38833570412517743 0.1002274618213049 0.38833570412517743 0.1002274618213049 0.4694167852062581 0.046505542285085494 0.4694167852062581
0 0.12027295418556597 0.2745376955903266 0.2172931372285891 0.2745376955903266 0.2172931372285891 0.4352773826458028 0.12027295418556597 0.4352773826458028
0 0.028063689309965376 0.2517780938833565 0.13149842990955202 0.2517780938833565 0.13149842990955202 0.4110953058321471 0.028063689309965376 0.4110953058321471
0 0.008820016640274826 0.20910384068278728 0.1066420193778684 0.20910384068278728 0.1066420193778684 0.3214793741109523 0.008820016640274826 0.3214793741109523
0 0.1250838723529884 0.8065433854907509 0.2549786628733997 0.8065433854907509 0.2549786628733997 0.9999999999999976 0.1250838723529884 0.9999999999999976
0 0.04891100136879676 0.7553342816500697 0.1948421857806166 0.7553342816500697 0.1948421857806166 0.9999999999999992 0.04891100136879676 0.9999999999999992
0 0.8098378915161435 0.753911806543385 0.9710036501248017 0.753911806543385 0.9710036501248017 0.9999999999999999 0.8098378915161435 0.9999999999999999
