0 0.4658572425454252 0.5519203413940252 0.6069775087898225 0.5519203413940252 0.6069775087898225 0.7126600284495015 0.4658572425454252 0.7126600284495015
0 0.24615864623312464 0.7083926031294462 0.33596245202501374 0.7083926031294462 0.33596245202501374 0.9857752489331444 0.24615864623312464 0.9857752489331444
0 0.15715666013580615 0.8236130867709798 0.25738412195711086 0.8236130867709798 0.25738412195711086 0.9999999999999998 0.15715666013580615 0.9999999999999998
0 0.07777651037333262 0.7411095305832145 0.17479669341635584 0.7411095305832145 0.17479669341635584 1.0000000000000002 0.07777651037333262 1.0000000000000002
0 0.016036393891408783 0.584637268847795 0.1571566601358061 0.584637268847795 0.1571566601358061 0.7724039829302983 0.016036393891408783 0.7724039829302983
0 0.14112026624439725 0.6401137980085342 0.2822405324887945 0.6401137980085342 0.2822405324887945 0.8307254623044089 0.14112026624439725 0.8307254623044089
0 0.0 0.71977240398293 0.08980380579188918 0.71977240398293 0.08980380579188918 0.9999999999999998 0.0 0.9999999999999998
0 0.0 0.642958748221906 0.10984929815615016 0.642958748221906 0.10984929815615016 0.8036984352773823 0.0 0.8036984352773823
0 0.17800397219463746 0.5320056899004263 0.2613932204299633 0.5320056899004263 0.2613932204299633 0.6699857752489325 0.17800397219463746 0.6699857752489325
0 0.14352572532810853 0.5078236130867709 0.23493317050913876 0.5078236130867709 0.23493317050913876 0.5860597439544802 0.14352572532810853 0.5860597439544802
0 0.16758031616522184 0.36130867709815057 0.2549786628733997 0.36130867709815057 0.2549786628733997 0.5220483641536269 0.16758031616522184 0.5220483641536269
0 0.24936592501140645 0.537695590327169 0.3319533535521619 0.537695590327169 0.3319533535521619 0.6742532005689893 0.24936592501140645 0.6742532005689893
0 0.320727877828176 0.49786628733997174 0.4434062910974529 0.49786628733997174 0.4434062910974529 0.6998577524893317 0.320727877828176 0.6998577524893317
0 0.28464599157250564 0.46088193456614507 0.368837059502402 0.46088193456614507 0.368837059502402 0.5675675675675669 0.28464599157250564 0.5675675675675669
0 0.2958714672964921 0.3641536273115216 0.4369917335408894 0.3641536273115216 0.4369917335408894 0.5248933143669978 0.2958714672964921 0.5248933143669978
0 0.03928916503395123 0.3954480796586054 0.1475348238009608 0.3954480796586054 0.1475348238009608 0.5547652916073962 0.03928916503395123 0.5547652916073962
0 0.040892804423092524 0.3755334281650068 0.10263292090501623 0.3755334281650068 0.10263292090501623 0.4694167852062581 0.040892804423092524 0.4694167852062581
0 0.11305657693443194 0.2916073968705546 0.21168039936659597 0.2916073968705546 0.21168039936659597 0.43527738264580296 0.11305657693443194 0.43527738264580296
0 0.042496443812233296 0.30440967283072484 0.1106511178507206 0.30440967283072484 0.1106511178507206 0.40113798008534773 0.042496443812233296 0.40113798008534773
0 0.00641455755656352 0.19630156472261676 0.08900198609731876 0.19630156472261676 0.08900198609731876 0.3243243243243236 0.00641455755656352 0.3243243243243236
0 0.6550866904640489 0.650071123755334 0.7962069567084461 0.650071123755334 0.7962069567084461 0.8520625889046934 0.6550866904640489 0.8520625889046934
0 0.684754019163155 0.4637268847795161 0.8186579081564187 0.4637268847795161 0.8186579081564187 0.605974395448079 0.684754019163155 0.605974395448079
0 0.503542768190236 0.16785206258890445 0.5973556724549772 0.16785206258890445 0.5973556724549772 0.3399715504978656 0.503542768190236 0.3399715504978656
0 0.32473697630102827 0.7766714082503551 0.48991183338253874 0.7766714082503551 0.48991183338253874 1.0000000000000002 0.32473697630102827 1.0000000000000002
0 0.2870514506562173 0.6116642958748217 0.4281717169006146 0.6116642958748217 0.4281717169006146 0.772403982930298 0.2870514506562173 0.772403982930298
0 0.6951776751925708 0.3485064011379796 0.7729541855659036 0.3485064011379796 0.7729541855659036 0.5092460881934557 0.6951776751925708 0.5092460881934557
0 0.7336650205319516 0.5860597439544809 0.8146488096835662 0.5860597439544809 0.8146488096835662 0.7098150782361305 0.7336650205319516 0.7098150782361305
0 0.6101847875681043 0.5462304409672826 0.7513050538125017 0.5462304409672826 0.7513050538125017 0.7069701280227588 0.6101847875681043 0.7069701280227588
0 0.8869434230655677 0.5291607396870557 0.9999999999999992 0.5291607396870557 0.9999999999999992 0.7183499288762449 0.8869434230655677 0.7183499288762449
0 0.7705487264821916 0.2631578947368417 0.8755871064709196 0.2631578947368417 0.8755871064709196 0.42389758179231796 0.7705487264821916 0.42389758179231796
0 0.8483252368555247 0.6002844950213371 0.9269035669234278 0.6002844950213371 0.9269035669234278 0.716927453769559 0.8483252368555247 0.716927453769559
0 0.6029684103169702 0.6842105263157896 0.7120158887785502 0.6842105263157896 0.7120158887785502 0.8463726884779519 0.6029684103169702 0.8463726884779519
0 0.6222120829866599 0.8506401137980084 0.6975831342762813 0.8506401137980084 0.6975831342762813 0.948790896159317 0.6222120829866599 0.948790896159317
0 0.22611315386886405 0.3926031294452343 0.3062951233259079 0.3926031294452343 0.3062951233259079 0.5533428165007105 0.22611315386886405 0.5533428165007105
0 0.4361899138463186 0.2233285917496439 0.5059482272739471 0.2233285917496439 0.5059482272739471 0.30725462304409595 0.4361899138463186 0.30725462304409595
0 0.642257575350922 0.2588904694167848 0.7039976918328461 0.2588904694167848 0.7039976918328461 0.41963015647226104 0.642257575350922 0.41963015647226104
0 0.5773101800907162 0.24751066856329987 0.6502757722966263 0.24751066856329987 0.6502757722966263 0.4082503556187762 0.5773101800907162 0.4082503556187762
0 0.609382967873534 0.3513513513513511 0.705601331221987 0.3513513513513511 0.705601331221987 0.5120910384068271 0.609382967873534 0.5120910384068271
0 0.4289735365951853 0.283072546230441 0.4971282106336724 0.283072546230441 0.4971282106336724 0.4054054054054053 0.4289735365951853 0.4054054054054053
0 0.463451783461714 0.7126600284495015 0.6045720497061114 0.7126600284495015 0.6045720497061114 0.9246088193456606 0.463451783461714 0.9246088193456606
0 0.4201535199549096 0.3741109530583213 0.5612737861993068 0.3741109530583213 0.5612737861993068 0.4736842105263152 0.4201535199549096 0.4736842105263152
0 0.4289735365951853 0.44238975817923104 0.5572646877264559 0.44238975817923104 0.5572646877264559 0.5519203413940247 0.4289735365951853 0.5519203413940247
0 0.8306852035749748 0.7638691322901843 0.9718054698193721 0.7638691322901843 0.9718054698193721 1.0 0.8306852035749748 1.0
0 0.9044526154754555 0.9786628733997155 0.9108671730320189 0.9786628733997155 0.9108671730320189 1.0 0.9044526154754555 1.0
