0 0.31756395457989495 0.5117946190190524 0.4338278102926086 0.5117946190190524 0.4338278102926086 0.6938714326748114 0.31756395457989495 0.6938714326748114
0 0.27057068951422975 0.5945098976035111 0.3937191772304002 0.5945098976035111 0.3937191772304002 0.7765867112592703 0.27057068951422975 0.7765867112592703
0 0.20946958048355147 0.7059602792829003 0.325733436196265 0.7059602792829003 0.325733436196265 0.965899688358507 0.20946958048355147 0.965899688358507
0 0.14492615545114473 0.646418294550076 0.26119001116385837 0.646418294550076 0.26119001116385837 0.828495108205835 0.14492615545114473 0.828495108205835
0 0.023235633011666413 0.5838228747027476 0.15929280573431795 0.5838228747027476 0.15929280573431795 0.7445256425569802 0.023235633011666413 0.7445256425569802
0 0.21635421248700798 0.39298318004625943 0.30335838218503064 0.39298318004625943 0.30335838218503064 0.5460523601142324 0.21635421248700798 0.5460523601142324
0 0.25335910950558804 0.5395480655424426 0.31798822519237646 0.5395480655424426 0.31798822519237646 0.6712431998088884 0.25335910950558804 0.6712431998088884
0 0.16127715645935461 0.5456549357714497 0.24483901015564877 0.5456549357714497 0.24483901015564877 0.6605561769081252 0.16127715645935461 0.6605561769081252
0 0.14836847145287324 0.5181740197409154 0.2224639561444143 0.5181740197409154 0.2224639561444143 0.5857470166027816 0.14836847145287324 0.5857470166027816
0 0.29608081996213337 0.4044321947324951 0.4166475706770075 0.4044321947324951 0.4166475706770075 0.4786069910885995 0.29608081996213337 0.4786069910885995
0 0.437461875903311 0.26517550082292884 0.5432749631300132 0.26517550082292884 0.5432749631300132 0.40145078776113075 0.437461875903311 0.40145078776113075
0 0.4366624365976232 0.1945098976035112 0.49526749928138675 0.1945098976035112 0.49526749928138675 0.29567068072491876 0.4366624365976232 0.29567068072491876
0 0.5769368136680538 0.6571053174508392 0.6932006693807675 0.6571053174508392 0.6932006693807675 0.8391821311065981 0.5769368136680538 0.8391821311065981
0 0.6460392122581421 0.6678431356314788 0.7623030679708557 0.6678431356314788 0.7623030679708557 0.8499199492872378 0.6460392122581421 0.8499199492872378
0 0.8056987490917985 0.7456549357714499 0.921962604804512 0.7456549357714499 0.921962604804512 1.0 0.8056987490917985 1.0
0 0.32822948254317974 0.767028981572977 0.4866617092770654 0.767028981572977 0.4866617092770654 1.0 0.32822948254317974 1.0
0 0.12513283844120668 0.8179231863442412 0.2413966941539203 0.8179231863442412 0.2413966941539203 1.0000000000000002 0.12513283844120668 1.0000000000000002
0 0.04682014940188652 0.7568544840541646 0.16738690011676063 0.7568544840541646 0.16738690011676063 0.9969465648854956 0.04682014940188652 0.9969465648854956
0 0.0 0.7212274548554197 0.0603262206846278 0.7212274548554197 0.0603262206846278 0.9857470166027813 0.0 0.9857470166027813
0 0.5657492866624368 0.8179231863442408 0.6820131423751504 0.8179231863442408 0.6820131423751504 0.9435114503816795 0.5657492866624368 0.9435114503816795
0 0.5881243406736713 0.6861129510386256 0.687176616377743 0.6861129510386256 0.687176616377743 0.8529225891218658 0.5881243406736713 0.8529225891218658
0 0.7172111907384847 0.5884030273745039 0.8024942024356426 0.5884030273745039 0.8024942024356426 0.7048309860684303 0.7172111907384847 0.7048309860684303
0 0.6096388156844733 0.5181740197409158 0.7353690404019402 0.5181740197409158 0.7353690404019402 0.7002508333966748 0.6096388156844733 0.7002508333966748
0 0.4702250176144745 0.5487083708859533 0.5744407673211392 0.5487083708859533 0.5744407673211392 0.7124645738546896 0.4702250176144745 0.7124645738546896
0 0.816177775788175 0.582296157145496 0.9109271564900855 0.582296157145496 0.9109271564900855 0.7078844211829343 0.816177775788175 0.7078844211829343
0 0.873922465552198 0.5181232244610393 0.9652295302523806 0.5181232244610393 0.9652295302523806 0.7002000381167982 0.873922465552198 0.7002000381167982
0 0.6320138696957076 0.2647389052370988 0.6966429853824957 0.2647389052370988 0.6966429853824957 0.3735332761447664 0.6320138696957076 0.3735332761447664
0 0.5829922070641195 0.36353895087264293 0.6768810087655984 0.36353895087264293 0.6768810087655984 0.5166081309406156 0.5829922070641195 0.5166081309406156
0 0.5597252336594121 0.21741066096228978 0.6484505613582988 0.21741066096228978 0.6484505613582988 0.39948747461804873 0.5597252336594121 0.39948747461804873
0 0.6684967676719551 0.3599404547724285 0.7563615163704096 0.3599404547724285 0.7563615163704096 0.4855287188098668 0.6684967676719551 0.4855287188098668
0 0.761961298760953 0.2723724930233587 0.8670376274680496 0.2723724930233587 0.8670376274680496 0.45750274179362127 0.761961298760953 0.45750274179362127
0 0.4934606506261411 0.15481524111496148 0.5830465573254598 0.15481524111496148 0.5830465573254598 0.33689205477072043 0.4934606506261411 0.33689205477072043
0 0.03465751441573951 0.4050445346646467 0.14489731712542844 0.4050445346646467 0.14489731712542844 0.5474266918318561 0.03465751441573951 0.5474266918318561
0 0.17160410446453941 0.3685556991302284 0.24311785215478418 0.3685556991302284 0.24311785215478418 0.5124645738546895 0.17160410446453941 0.5124645738546895
0 0.11652704843688573 0.2723724930233585 0.2095552711379329 0.2723724930233585 0.2095552711379329 0.44528900133560606 0.11652704843688573 0.44528900133560606
0 0.03369670491813162 0.29930561408187506 0.12156145361658621 0.29930561408187506 0.12156145361658621 0.42042492483374544 0.03369670491813162 0.42042492483374544
0 3.325127195216775e-18 0.2403114243210683 0.08043610403953365 0.2403114243210683 0.08043610403953365 0.35165127754447983 3.325127195216775e-18 0.35165127754447983
0 0.3660949585621918 0.661685470122595 0.4823588142749054 0.661685470122595 0.4823588142749054 0.8437622837783542 0.3660949585621918 0.8437622837783542
0 0.4226172734186918 0.4121769819049417 0.5268330231253566 0.4121769819049417 0.5268330231253566 0.575933184873678 0.4226172734186918 0.575933184873678
0 0.43063838359459766 0.3565616234582813 0.5348541333012623 0.3565616234582813 0.5348541333012623 0.4500888187934298 0.43063838359459766 0.4500888187934298
0 0.6741822407168782 0.4830595159241213 0.7964701494326173 0.4830595159241213 0.7964701494326173 0.5918538868317889 0.6741822407168782 0.5918538868317889
0 0.47366733361620283 0.6922198212676333 0.5727196093202744 0.6922198212676333 0.5727196093202744 0.9216248791982018 0.47366733361620283 0.9216248791982018
0 0.7874297853953621 0.47022900763358794 0.8855357914446205 0.47022900763358794 0.8855357914446205 0.5908396946564887 0.7874297853953621 0.5908396946564887
0 0.28885606690923915 0.4621803993878261 0.35348518259602757 0.4621803993878261 0.35348518259602757 0.5938755336542719 0.28885606690923915 0.5938755336542719
0 0.07910750507099391 0.24469773481460105 0.1795131845841785 0.24469773481460105 0.1795131845841785 0.3220654009692176 0.07910750507099391 0.3220654009692176
0 0.024555530268348575 0.5259254916170604 0.08940311268313794 0.5259254916170604 0.08940311268313794 0.6032931577716769 0.024555530268348575 0.6032931577716769
0 0.9151414309484193 0.7025390040309386 1.0 0.7025390040309386 1.0 0.8324201644400196 0.9151414309484193 0.8324201644400196
0 0.1895100457992594 0.2603610722491466 0.24833357521102412 0.2603610722491466 0.24833357521102412 0.36724718395128164 0.1895100457992594 0.36724718395128164
0 0.2194601289939349 0.3046387405704243 0.27828365840569963 0.3046387405704243 0.27828365840569963 0.4115248522725593 0.2194601289939349 0.4115248522725593
