0 0.20205856303175057 0.7027027027027024 0.3431788292761479 0.7027027027027024 0.3431788292761479 0.953058321479373 0.20205856303175057 0.953058321479373
0 0.3672334201132613 0.6799431009957327 0.5083536863576585 0.6799431009957327 0.5083536863576585 0.8335704125177802 0.3672334201132613 0.8335704125177802
0 0.4602445046834321 0.7083926031294451 0.6013647709278295 0.7083926031294451 0.6013647709278295 0.9587482219061154 0.4602445046834321 0.9587482219061154
0 0.6013647709278293 0.7496443812233297 0.6879612979414367 0.7496443812233297 0.6879612979414367 0.9388335704125178 0.6013647709278293 0.9388335704125178
0 0.611788426957245 0.6628733997155046 0.6863576585522946 0.6628733997155046 0.6863576585522946 0.860597439544807 0.611788426957245 0.860597439544807
0 0.6799431009957323 0.6358463726884779 0.779368743122467 0.6358463726884779 0.779368743122467 0.8364153627311514 0.6799431009957323 0.8364153627311514
0 0.4281717169006144 0.432432432432432 0.5500483104753213 0.432432432432432 0.5500483104753213 0.6088193456614499 0.4281717169006144 0.6088193456614499
0 0.40732440484178295 0.39687055476529154 0.5484446710861803 0.39687055476529154 0.5484446710861803 0.4765291607396859 0.40732440484178295 0.4765291607396859
0 0.42736989720604407 0.26884779516358437 0.4995336697173833 0.26884779516358437 0.4995336697173833 0.3982930298719761 0.42736989720604407 0.3982930298719761
0 0.05773101800907154 0.7496443812233277 0.1603639389140878 0.7496443812233277 0.1603639389140878 0.9999999999999981 0.05773101800907154 0.9999999999999981
0 0.0 0.6699857752489328 0.11065111785072064 0.6699857752489328 0.11065111785072064 0.7965860597439527 0.0 0.7965860597439527
0 9.71445146547012e-19 0.7482219061166429 0.08338924823532572 0.7482219061166429 0.08338924823532572 0.9985775248933134 9.71445146547012e-19 0.9985775248933134
0 8.901986865100125e-18 0.5533428165007108 0.15876029952494686 0.5533428165007108 0.15876029952494686 0.7325746799430993 8.901986865100125e-18 0.7325746799430993
0 0.27823143401594225 0.5988620199146516 0.40732440484178295 0.5988620199146516 0.40732440484178295 0.7695590327169266 0.27823143401594225 0.7695590327169266
0 0.31671877935532344 0.49928876244665693 0.43538809415174845 0.49928876244665693 0.43538809415174845 0.6330014224751055 0.31671877935532344 0.6330014224751055
0 0.21729313722858895 0.5490753911806546 0.31992605813360536 0.5490753911806546 0.31992605813360536 0.6970128022759592 0.21729313722858895 0.6970128022759592
0 0.1483366434955312 0.5504978662873398 0.26299685981910403 0.5504978662873398 0.26299685981910403 0.6927453769559021 0.1483366434955312 0.6927453769559021
0 0.15314756166295382 0.46799431009957304 0.23172589173085692 0.46799431009957304 0.23172589173085692 0.5960170697012791 0.15314756166295382 0.5960170697012791
0 0.20125674333718016 0.4011379800853481 0.31030422179875994 0.4011379800853481 0.31030422179875994 0.55334281650071 0.20125674333718016 0.55334281650071
0 0.16998577524893313 0.3570412517780936 0.24696046592769527 0.3570412517780936 0.24696046592769527 0.5135135135135126 0.16998577524893313 0.5135135135135126
0 0.030469148393676572 0.40825035561877593 0.16116575860865823 0.40825035561877593 0.16116575860865823 0.5490753911806526 0.030469148393676572 0.5490753911806526
0 0.2934660082127806 0.38833570412517693 0.41774806087119865 0.38833570412517693 0.41774806087119865 0.5334281650071109 0.2934660082127806 0.5334281650071109
0 0.48750637429882643 0.5590327169274529 0.5917429345929841 0.5590327169274529 0.5917429345929841 0.7155049786628721 0.48750637429882643 0.7155049786628721
0 0.44661356987573386 0.23186344238975776 0.4939209318553895 0.23186344238975776 0.4939209318553895 0.29018492176386784 0.44661356987573386 0.29018492176386784
0 0.1274893314366998 0.294452347083926 0.21408585845030728 0.294452347083926 0.21408585845030728 0.41963015647226065 0.1274893314366998 0.41963015647226065
0 0.04730736197965583 0.2788051209103839 0.13871480716068593 0.2788051209103839 0.13871480716068593 0.40256045519203304 0.04730736197965583 0.40256045519203304
0 0.0 0.23470839260312903 0.08178560884618484 0.23470839260312903 0.08178560884618484 0.33001422475106584 0.0 0.33001422475106584
0 0.6815467403848734 0.44523470839260343 0.8226670066292707 0.44523470839260343 0.8226670066292707 0.6201991465149352 0.6815467403848734 0.6201991465149352
0 0.720034085724254 0.5704125177809384 0.8138469899889957 0.5704125177809384 0.8138469899889957 0.7240398293029856 0.720034085724254 0.7240398293029856
0 0.6101847875681043 0.527738264580369 0.7432868568667972 0.527738264580369 0.7432868568667972 0.7240398293029859 0.6101847875681043 0.7240398293029859
0 0.8194597278509889 0.7453769559032716 0.9605799940953862 0.7453769559032716 0.9605799940953862 0.9957325746799419 0.8194597278509889 0.9957325746799419
0 0.8050269733487209 0.581792318634424 0.9212908290614352 0.581792318634424 0.9212908290614352 0.7240398293029864 0.8050269733487209 0.7240398293029864
0 0.8868125821949059 0.5320056899004267 0.998265519740196 0.5320056899004267 0.998265519740196 0.7240398293029859 0.8868125821949059 0.7240398293029859
0 0.619004804208379 0.25035561877667123 0.6983849539708528 0.25035561877667123 0.6983849539708528 0.3840682788051197 0.619004804208379 0.3840682788051197
0 0.5909411148984136 0.35704125177809354 0.6863576585522958 0.35704125177809354 0.6863576585522958 0.5234708392603118 0.5909411148984136 0.5234708392603118
0 0.6815467403848728 0.35277382645803684 0.7681432673984807 0.35277382645803684 0.7681432673984807 0.4850640113797994 0.6815467403848728 0.4850640113797994
0 0.7785669234278965 0.2517780938833571 0.883605303416624 0.2517780938833571 0.883605303416624 0.4466571834992877 0.7785669234278965 0.4466571834992877
0 0.5757065407015755 0.22617354196301548 0.6510775919911965 0.22617354196301548 0.6510775919911965 0.4096728307254612 0.5757065407015755 0.4096728307254612
0 0.49311911216081983 0.14651493598862023 0.589337475509273 0.14651493598862023 0.589337475509273 0.3527738264580359 0.49311911216081983 0.3527738264580359
0 0.3279442550793096 0.7496443812233297 0.46906452132370696 0.7496443812233297 0.46906452132370696 1.0 0.3279442550793096 1.0
0 0.1290929708258407 0.8349928876244674 0.27021323707023803 0.8349928876244674 0.27021323707023803 0.9999999999999997 0.1290929708258407 0.9999999999999997
0 0.13711116777154508 0.6586059743954489 0.27823143401594247 0.6586059743954489 0.27823143401594247 0.823613086770981 0.13711116777154508 0.823613086770981
0 0.4818936364368331 0.32432432432432357 0.5668865240612992 0.32432432432432357 0.5668865240612992 0.4125177809388321 0.4818936364368331 0.4125177809388321
0 0.8130451702944255 0.47226173541962985 0.9004435170026039 0.47226173541962985 0.9004435170026039 0.6145092460881922 0.8130451702944255 0.6145092460881922
0 0.8924253200568989 0.43385490753911776 0.9798236667650775 0.43385490753911776 0.9798236667650775 0.5761024182076802 0.8924253200568989 0.5761024182076802
