0 0.31532079753669845 0.512067149511908 0.4315846532494121 0.512067149511908 0.4315846532494121 0.694143963167667 0.31532079753669845 0.694143963167667
0 0.2826187955202791 0.6067236380615264 0.4057672832364495 0.6067236380615264 0.4057672832364495 0.7888004517172854 0.2826187955202791 0.7888004517172854
0 0.20946958048355147 0.7059602792829003 0.325733436196265 0.7059602792829003 0.325733436196265 0.965899688358507 0.20946958048355147 0.965899688358507
0 0.14492615545114473 0.646418294550076 0.26119001116385837 0.646418294550076 0.26119001116385837 0.828495108205835 0.14492615545114473 0.828495108205835
0 0.023235633011666413 0.5838228747027476 0.15929280573431795 0.5838228747027476 0.15929280573431795 0.7445256425569802 0.023235633011666413 0.7445256425569802
0 0.21635421248700798 0.39298318004625943 0.30335838218503064 0.39298318004625943 0.30335838218503064 0.5460523601142324 0.21635421248700798 0.5460523601142324
0 0.25335910950558804 0.5395480655424426 0.31798822519237646 0.5395480655424426 0.31798822519237646 0.6712431998088884 0.25335910950558804 0.6712431998088884
0 0.16127715645935461 0.5456549357714497 0.24483901015564877 0.5456549357714497 0.24483901015564877 0.6605561769081252 0.16127715645935461 0.6605561769081252
0 0.14836847145287324 0.5181740197409154 0.2224639561444143 0.5181740197409154 0.2224639561444143 0.5857470166027816 0.14836847145287324 0.5857470166027816
0 0.29810921752805664 0.3792427220309919 0.41867596824293074 0.3792427220309919 0.41867596824293074 0.5307851845417129 0.29810921752805664 0.5307851845417129
0 0.4435470686010798 0.2723724930233583 0.5331329753003988 0.2723724930233583 0.5331329753003988 0.40864777996156015 0.4435470686010798 0.40864777996156015
0 0.4366624365976232 0.1945098976035112 0.49526749928138675 0.1945098976035112 0.49526749928138675 0.29567068072491876 0.4366624365976232 0.29567068072491876
0 0.5769368136680538 0.6571053174508392 0.6932006693807675 0.6571053174508392 0.6932006693807675 0.8391821311065981 0.5769368136680538 0.8391821311065981
0 0.6784851357190403 0.6693190579088547 0.794748991431754 0.6693190579088547 0.794748991431754 0.8513958715646136 0.6784851357190403 0.8513958715646136
0 0.8351105137976808 0.74565493577145 0.9513743695103941 0.74565493577145 0.9513743695103941 1.0000000000000002 0.8351105137976808 1.0000000000000002
0 0.32822948254317974 0.767028981572977 0.4866617092770654 0.767028981572977 0.4866617092770654 1.0 0.32822948254317974 1.0
0 0.12513283844120668 0.8179231863442412 0.2413966941539203 0.8179231863442412 0.2413966941539203 1.0000000000000002 0.12513283844120668 1.0000000000000002
0 0.04682014940188652 0.7568544840541646 0.16738690011676063 0.7568544840541646 0.16738690011676063 0.9969465648854956 0.04682014940188652 0.9969465648854956
0 0.0 0.7212274548554197 0.0603262206846278 0.7212274548554197 0.0603262206846278 0.9857470166027813 0.0 0.9857470166027813
0 0.5657492866624368 0.8179231863442408 0.6820131423751504 0.8179231863442408 0.6820131423751504 0.9435114503816795 0.5657492866624368 0.9435114503816795
0 0.5881243406736713 0.6861129510386256 0.687176616377743 0.6861129510386256 0.687176616377743 0.8529225891218658 0.5881243406736713 0.8529225891218658
0 0.7172111907384847 0.5884030273745039 0.8024942024356426 0.5884030273745039 0.8024942024356426 0.7048309860684303 0.7172111907384847 0.7048309860684303
0 0.6096388156844733 0.5181740197409158 0.7353690404019402 0.5181740197409158 0.7353690404019402 0.7002508333966748 0.6096388156844733 0.7002508333966748
0 0.48055196561965957 0.536494630427938 0.5847677153263243 0.536494630427938 0.5847677153263243 0.7002508333966744 0.48055196561965957 0.7002508333966744
0 0.816177775788175 0.582296157145496 0.9109271564900855 0.582296157145496 0.9109271564900855 0.7078844211829343 0.816177775788175 0.7078844211829343
0 0.8876058328240385 0.5151205846264115 0.9789128975242211 0.5151205846264115 0.9789128975242211 0.6971973982821704 0.8876058328240385 0.6971973982821704
0 0.6320138696957076 0.2647389052370988 0.6966429853824957 0.2647389052370988 0.6966429853824957 0.3735332761447664 0.6320138696957076 0.3735332761447664
0 0.5967301306779917 0.35023508844320583 0.6906189323794707 0.35023508844320583 0.6906189323794707 0.5033042685111786 0.5967301306779917 0.5033042685111786
0 0.5597252336594121 0.21741066096228978 0.6484505613582988 0.21741066096228978 0.6484505613582988 0.39948747461804873 0.5597252336594121 0.39948747461804873
0 0.6776245567186082 0.35634195867221374 0.7654893054170627 0.35634195867221374 0.7654893054170627 0.481930222709652 0.6776245567186082 0.481930222709652
0 0.761961298760953 0.2723724930233587 0.8670376274680496 0.2723724930233587 0.8670376274680496 0.45750274179362127 0.761961298760953 0.45750274179362127
0 0.4934606506261411 0.15481524111496148 0.5830465573254598 0.15481524111496148 0.5830465573254598 0.33689205477072043 0.4934606506261411 0.33689205477072043
0 0.0313297273941089 0.4006167678325188 0.1415695301037978 0.4006167678325188 0.1415695301037978 0.5429989249997282 0.0313297273941089 0.5429989249997282
0 0.17160410446453941 0.3685556991302284 0.24311785215478418 0.3685556991302284 0.24311785215478418 0.5124645738546895 0.17160410446453941 0.5124645738546895
0 0.11652704843688573 0.2723724930233585 0.2095552711379329 0.2723724930233585 0.2095552711379329 0.44528900133560606 0.11652704843688573 0.44528900133560606
0 0.040796096398861864 0.25252516477908366 0.1286608450973165 0.25252516477908366 0.1286608450973165 0.41322793263331603 0.040796096398861864 0.41322793263331603
0 3.3306690738754695e-18 0.2403114243210683 0.06462911568678822 0.2403114243210683 0.06462911568678822 0.3368920547707206 3.3306690738754695e-18 0.3368920547707206
0 0.3660949585621918 0.661685470122595 0.4823588142749054 0.661685470122595 0.4823588142749054 0.8437622837783542 0.3660949585621918 0.8437622837783542
0 0.4392441735989192 0.4494717296645792 0.543459923305584 0.4494717296645792 0.543459923305584 0.6132279326333155 0.4392441735989192 0.6132279326333155
0 0.43063838359459766 0.38534959225999904 0.5348541333012623 0.38534959225999904 0.5348541333012623 0.47887678759514757 0.43063838359459766 0.47887678759514757
0 0.6741822407168782 0.4830595159241213 0.7964701494326173 0.4830595159241213 0.7964701494326173 0.5918538868317889 0.6741822407168782 0.5918538868317889
0 0.47366733361620283 0.6922198212676333 0.5727196093202744 0.6922198212676333 0.5727196093202744 0.9216248791982018 0.47366733361620283 0.9216248791982018
