0 0.6727292115873976 0.28864099645258645 0.06994181811875698 0.11948529411764706
0 0.632552711864555 0.4886603550060885 0.0932557574916757 0.1930147058823526
0 0.29706957769601167 0.7425994897283849 0.14869112444506102 0.16864195610737512
0 0.09796681004722967 0.7451094833748073 0.11544025669735385 0.15861356356223816
0 0.16409431939309357 0.806756962460952 0.13263041065482795 0.18566176470588233
0 0.4851889827275249 0.7306985294117646 0.10206324569922302 0.10477941176470594
0 0.839455238488263 0.7369040212844814 0.10568985849056603 0.16544117647058826
0 0.04222413464206437 0.6488970588235293 0.08444826928412874 0.1617647058823529
0 0.05647154203662596 0.9117647058823525 0.09636428274139842 0.17647058823529366
0 0.3382897137088154 0.9283659064435855 0.15749861265260826 0.13786764705882348
0 0.3714687673418424 0.8409926470588235 0.1243410099889012 0.17830882352941174
0 0.4880277387217773 0.8761122895377771 0.12952188540510548 0.23169954863133302
0 0.2289946933962264 0.8993566176470573 0.10258133324084345 0.20128676470588183
0 0.5424376560765816 0.26884191176470584 0.10879838374028865 0.11856617647058823
0 0.40177688852663707 0.5638786764705883 0.1352208483629301 0.13878676470588233
0 0.27161730310968113 0.5162967583523058 0.13330191925962856 0.13419117647058804
0 0.45727824052695154 0.45270349645258656 0.11087073390677003 0.208639705882353
0 0.6841345987097669 0.7899816176470589 0.12485909753052177 0.17922794117647073
0 0.6304568122643632 0.8649877395827812 0.08886437101153248 0.2306985294117646
0 0.8759750474301728 0.9057904411764706 0.10889817738016778 0.18841911764705865
0 0.12926447377326508 0.3884794269868162 0.11087073390677021 0.14981617647058806
0 0.7880395966552817 0.45168924061523796 0.1049465357710853 0.14062499999999994
0 0.8300207757535257 0.5997623199819982 0.11035264636514983 0.15900735294117646
0 0.9380885387763596 0.5958033303330332 0.12382292244728077 0.15257352941176477
0 0.5292264237652607 0.45634191176470595 0.09170149486681467 0.1387867647058824
0 0.5570068280109431 0.6204044117647053 0.14597524519897837 0.1047794117647059
0 0.7276357655145017 0.7190602332292046 0.11018103861059035 0.24502965002382715
0 0.31344296268035515 0.620404411764706 0.11708778440621533 0.09191176470588239
0 0.9092436355438401 0.7913602941176472 0.0766769561598224 0.2426470588235294
0 0.4569532117092119 0.28584558823529416 0.04662787874583792 0.1139705882352941
0 0.5099193855636951 0.31516221475088685 0.06631520532741397 0.13419117647058823
0 0.6235216206181176 0.29968943585535024 0.06268859253607097 0.13602941176470587
0 0.703864827229983 0.45289666834330483 0.06258133768947108 0.15257352941176466
0 0.4413264137222892 0.6779824581722877 0.10413559586570478 0.1737132352941176
0 0.9429193257491675 0.6530330882352942 0.11294308407325189 0.1351102941176471
0 0.04597572264596741 0.475643382352941 0.08884292004221228 0.1351102941176474
0 0.19039717154550498 0.38924632352941174 0.08548444436736957 0.16268382352941171
0 0.16845679369719735 0.5846092881346956 0.09232030869915528 0.19487775983480674
0 0.9550984579590035 0.7425742574257426 0.08980308408199306 0.14761476147614758
0 0.9556164342849375 0.8622862286228606 0.08067056705670543 0.17461746174617448
0 0.6443498123397242 0.364086408640864 0.09132517025287364 0.10531053105310527
0 0.5995378047793671 0.6987010741515336 0.11027663532169037 0.1084732554137768
0 0.5339985649508346 0.5481548154815481 0.09183253230983475 0.07380738073807379
0 0.4326030972530521 0.3524816176470588 0.09532810765815754 0.1351102941176471
0 0.06035719859877914 0.3731617647058823 0.08133974403440623 0.1213235294117649
0 0.8393773621431231 0.8483596521416849 0.062170504994450655 0.10845588235294124
0 0.1217505722807991 0.9448529411764706 0.13573893590455047 0.10661764705882348
0 0.2515883931579548 0.6453728093397578 0.12758803388836382 0.08823529411764706
0 0.10039356753291173 0.5313728523587651 0.07527285032020116 0.11109906946576986
0 0.5484583835742068 0.8325832583258327 0.09335461848071608 0.13861386138613838
0 0.05276565392388296 0.2731773177317732 0.10553130784776592 0.06570657065706573
