0 0.4602445046834321 0.7083926031294451 0.6013647709278295 0.7083926031294451 0.6013647709278295 0.9587482219061154 0.4602445046834321 0.9587482219061154
0 4.985112644456068e-18 0.6614509246088196 0.1074438390724389 0.6614509246088196 0.1074438390724389 0.9729729729729721 4.985112644456068e-18 0.9729729729729721
0 0.13951662685525637 0.5561877667140811 0.24776228562226568 0.5561877667140811 0.24776228562226568 0.6657183499288739 0.13951662685525637 0.6657183499288739
0 0.2525732037896883 0.5419630156472255 0.330349714163021 0.5419630156472255 0.330349714163021 0.6642958748221907 0.2525732037896883 0.6642958748221907
0 0.14272390563353812 0.4395448079658601 0.24936592501140656 0.4395448079658601 0.24936592501140656 0.5675675675675675 0.14272390563353812 0.5675675675675675
0 0.030469148393676742 0.40825035561877826 0.14673300410639037 0.40825035561877826 0.14673300410639037 0.5903271692745373 0.030469148393676742 0.5903271692745373
0 0.2806368930996537 0.5320056899004266 0.42175715934405106 0.5320056899004266 0.42175715934405106 0.7823613086770971 0.2806368930996537 0.7823613086770971
0 0.27983507340508323 0.38833570412517804 0.4209553396494805 0.38833570412517804 0.4209553396494805 0.5263157894736832 0.27983507340508323 0.5263157894736832
0 0.23814044928742004 0.3982930298719776 0.29506964760192134 0.3982930298719776 0.29506964760192134 0.560455192034138 0.23814044928742004 0.560455192034138
0 0.15234574196838338 0.36557610241820737 0.2517713840951179 0.36557610241820737 0.2517713840951179 0.5320056899004256 0.15234574196838338 0.5320056899004256
0 0.12748933143669974 0.28733997155049795 0.19724764486432797 0.28733997155049795 0.19724764486432797 0.43243243243243157 0.12748933143669974 0.43243243243243157
0 0.027261869615394833 0.29018492176386884 0.14352572532810864 0.29018492176386884 0.14352572532810864 0.41251778093883235 0.027261869615394833 0.41251778093883235
0 0.5845265573418501 0.7638691322901859 0.7256468235862475 0.7638691322901859 0.7256468235862475 0.9416785206258887 0.5845265573418501 0.9416785206258887
0 0.6174011648192386 0.6827880512091042 0.6967813145817118 0.6827880512091042 0.6967813145817118 0.853485064011379 0.6174011648192386 0.853485064011379
0 0.4698663410182774 0.5462304409672826 0.5909411148984136 0.5462304409672826 0.5909411148984136 0.7197724039829291 0.4698663410182774 0.7197724039829291
0 0.6815467403848736 0.45661450924608793 0.822667006629271 0.45661450924608793 0.822667006629271 0.6031294452347072 0.6815467403848736 0.6031294452347072
0 0.71201588877855 0.5889046941678518 0.7994142354867274 0.5889046941678518 0.7994142354867274 0.7126600284495009 0.71201588877855 0.7126600284495009
0 0.6085811481789629 0.5334281650071123 0.7456923159505087 0.5334281650071123 0.7456923159505087 0.6728307254623033 0.6085811481789629 0.6728307254623033
0 0.6895649373305781 0.3428165007112375 0.7721523658713331 0.3428165007112375 0.7721523658713331 0.49359886201991326 0.6895649373305781 0.49359886201991326
0 0.7761614643441852 0.2418207681365577 0.883605303416625 0.2418207681365577 0.883605303416625 0.4338549075391169 0.7761614643441852 0.4338549075391169
0 0.8338924823532571 0.5874822190611663 0.9148762715048712 0.5874822190611663 0.9148762715048712 0.7183499288762433 0.8338924823532571 0.7183499288762433
0 0.8828034837220536 0.5135135135135134 0.9718054698193725 0.5135135135135134 0.9718054698193725 0.6884779516358448 0.8828034837220536 0.6884779516358448
0 0.5917429345929842 0.3527738264580373 0.6919703964142896 0.3527738264580373 0.6919703964142896 0.5220483641536263 0.5917429345929842 0.5220483641536263
0 0.625419361764943 0.26600284495021326 0.699186773665423 0.26600284495021326 0.699186773665423 0.38691322901849157 0.625419361764943 0.38691322901849157
0 0.5484446710861807 0.23755334281650056 0.6422575753509219 0.23755334281650056 0.6422575753509219 0.38549075391180526 0.5484446710861807 0.38549075391180526
0 0.49793003032824307 0.16500711237553317 0.5869320164255617 0.16500711237553317 0.5869320164255617 0.3385490753911794 0.49793003032824307 0.3385490753911794
0 0.3247369763010278 0.7496443812233297 0.4658572425454252 0.7496443812233297 0.4658572425454252 1.0 0.3247369763010278 1.0
0 0.8178560884618481 0.7496443812233297 0.9589763547062454 0.7496443812233297 0.9589763547062454 1.0 0.8178560884618481 1.0
0 -4.163336342344337e-18 0.2076813655761026 0.08820016640274837 0.2076813655761026 0.08820016640274837 0.3243243243243233 -4.163336342344337e-18 0.3243243243243233
0 0.05452373923078988 0.7567567567567578 0.1619675783032288 0.7567567567567578 0.1619675783032288 0.9999999999999999 0.05452373923078988 0.9999999999999999
0 0.14833664349553127 0.6514935988620184 0.2678077779865268 0.6514935988620184 0.2678077779865268 0.8179231863442367 0.14833664349553127 0.8179231863442367
0 0.12508387235298857 0.8150782361308663 0.24455500684398404 0.8150782361308663 0.24455500684398404 0.9815078236130845 0.12508387235298857 0.9815078236130845
0 0.21568949783944835 0.726884779516356 0.33516063233044385 0.726884779516356 0.33516063233044385 0.9473684210526289 0.21568949783944835 0.9473684210526289
0 0.01603639389140897 0.6045519203413925 0.15394938135752448 0.6045519203413925 0.15394938135752448 0.7695590327169249 0.01603639389140897 0.7695590327169249
0 0.4313789956788964 0.23613086770981695 0.4939209318553902 0.23613086770981695 0.4939209318553902 0.29871977240398256 0.4313789956788964 0.29871977240398256
0 0.42977535628975544 0.29729729729729737 0.5163718833033621 0.29729729729729737 0.5163718833033621 0.41678520625888965 0.42977535628975544 0.41678520625888965
0 0.4289735365951854 0.3769559032716929 0.5548592286427433 0.3769559032716929 0.5548592286427433 0.4679943100995725 0.4289735365951854 0.4679943100995725
0 0.4289735365951854 0.4537695590327172 0.5444355726133275 0.4537695590327172 0.5444355726133275 0.5604551920341387 0.4289735365951854 0.5604551920341387
