0 0.024860740791060237 0.34383438343834305 0.049721481582120475 0.11341134113411329
0 0.045662585126437165 0.4725472547254721 0.09132517025287433 0.15481548154815472
0 0.12151321264201885 0.3901890189018902 0.07864111882886408 0.12691269126912655
0 0.18011353022094664 0.3582358235823582 0.1106049284173701 0.14041404140414043
0 0.15778959971468837 0.5130513051305129 0.08929572202503262 0.16741674167416756
0 0.11567854898697418 0.5432043204320434 0.12075216955657832 0.13231323132313216
0 0.125318428069222 0.7214221422142214 0.08828099791111185 0.0801080108010801
0 0.24125065808467616 0.627362736273627 0.12937732452490525 0.13681368136813718
0 0.2760049589864645 0.5135013501350133 0.1420613759489154 0.14671467146714645
0 0.4089338179100929 0.5427542754275427 0.11973744544265742 0.13321332133213318
0 0.44039026544163845 0.6750675067506751 0.081177929113666 0.2376237623762376
0 0.37950681860638896 0.828982898289829 0.12886996246794488 0.14761476147614758
0 0.4786961007421497 0.8555355535553555 0.12430370395530119 0.21692169216921683
0 0.3480503710748433 0.9333933393339333 0.15322334120204473 0.13321332133213332
0 0.22273194300562127 0.8487848784878489 0.07508958443014109 0.2988298829882989
0 0.14916444474636142 0.9437443744374437 0.12481106601226159 0.1089108910891089
0 0.056824550379566255 0.9054905490549054 0.093354618480716 0.189018901890189
0 0.070015963860537 0.7767776777677768 0.08828099791111187 0.08640864086408641
0 0.16235585822733192 0.8285328532853284 0.14510554829067784 0.17191719171917114
0 0.1177079972148158 0.6242124212421242 0.08929572202503269 0.08910891089108901
0 0.03932055941443201 0.6624662466246625 0.07052332591749741 0.16201620162016206
0 0.3018804238914457 0.7686768676867688 0.13292885892362818 0.1782178217821783
0 0.34551356079004125 0.6642664266426642 0.07711903265798277 0.11341134113411343
0 0.4949316865648828 0.734023402340234 0.08067056705670567 0.1035103510351034
0 0.5426237199191617 0.8442844284428443 0.0928472564237557 0.234023402340234
0 0.6128933648081789 0.9684968496849686 0.06900123974661625 0.05940594059405939
0 0.6070587011531342 0.8352835283528353 0.0857441876263099 0.19261926192619255
0 0.6920418456940031 0.8289828982898291 0.10147241139208246 0.18001800180017993
0 0.6207574766910653 0.7173717371737172 0.09995032522120134 0.12421242124212412
0 0.5522635990014095 0.5342034203420343 0.1314067727527469 0.12511251125112507
0 0.6973691472920875 0.7344734473447347 0.15778959971468887 0.18721872187218724
0 0.45764057537829217 0.4896489648964893 0.1258257901261823 0.13141314131413115
0 0.5281639012957899 0.45814581458145814 0.08828099791111192 0.1350135013501351
0 0.4472396532106042 0.35823582358235817 0.06342025712005123 0.13861386138613868
0 0.5162408929572202 0.35733573357335735 0.07661167060102236 0.13141314131413137
0 0.5479510215172461 0.27137713771377137 0.09233989436679516 0.11611161116111614
0 0.6755525788427897 0.27947794779477947 0.0684938776896557 0.12871287128712874
0 0.6192353905201841 0.29837983798379836 0.049214119525160104 0.1449144914491449
0 0.6481550277669277 0.3694869486948695 0.06950860180357651 0.09270927092709272
0 0.6309047178302737 0.4041404140414042 0.10705339401864727 0.036003600360036005
0 0.6245626921182684 0.4873987398739874 0.1075607560756076 0.17551755175517555
0 0.7714440076083079 0.437443744374437 0.08270001528454728 0.14041404140414035
0 0.7115752848869792 0.45274527452745267 0.0766116706010223 0.13501350135013496
0 0.6055366149822536 0.631413141314131 0.14967180680332137 0.14851485148514862
0 0.8417136524973243 0.7956795679567961 0.09233989436679517 0.22142214221422094
0 0.8422210145542856 0.6143114311431144 0.11872272132873661 0.16291629162916293
0 0.9391271674337244 0.5922592259225924 0.1177079972148158 0.13321332133213326
0 0.9464786101251634 0.6318631863186319 0.10704277974967312 0.13321332133213332
0 0.9594216497121408 0.7398739873987398 0.07813375677190365 0.13861386138613851
0 0.9477470152675649 0.8343834383438345 0.08928510775605783 0.1800180018001799
0 0.8972697977344919 0.8978397839783981 0.11415646281609285 0.20432043204320383
0 0.07686535162950257 0.2682268226822682 0.07153805003141823 0.10981098109810979
