0 0.011225475723986147 0.2176386913229017 0.09942564212673448 0.2176386913229017 0.09942564212673448 0.32859174964438065 0.011225475723986147 0.32859174964438065
0 0.07376741190048039 0.24751066856329998 0.15234574196838344 0.24751066856329998 0.15234574196838344 0.3385490753911801 0.07376741190048039 0.3385490753911801
0 0.04650554228508544 0.31152204836415337 0.1339038889932634 0.31152204836415337 0.1339038889932634 0.4125177809388329 0.04650554228508544 0.4125177809388329
0 0.19644582516975767 0.2574679943100989 0.2605914007353929 0.2574679943100989 0.2605914007353929 0.3584637268847785 0.19644582516975767 0.3584637268847785
0 0.13310206929869295 0.295874822190611 0.20847312058831427 0.295874822190611 0.20847312058831427 0.453769559032716 0.13310206929869295 0.453769559032716
0 0.21328403875573684 0.2930298719772399 0.2822405324887945 0.2930298719772399 0.2822405324887945 0.41820768136557507 0.21328403875573684 0.41820768136557507
0 0.05452373923078981 0.3755334281650066 0.12267841326927711 0.3755334281650066 0.12267841326927711 0.48221906116642854 0.05452373923078981 0.48221906116642854
0 0.03848734533938103 0.3997155049786625 0.1547512010520947 0.3997155049786625 0.1547512010520947 0.5433854907539111 0.03848734533938103 0.5433854907539111
0 0.10183110121044579 0.4665718349928876 0.11065111785072063 0.4665718349928876 0.11065111785072063 0.5448079658605974 0.10183110121044579 0.5448079658605974
0 0.1523457419683834 0.38406827880512057 0.26860959768109705 0.38406827880512057 0.26860959768109705 0.5277382645803692 0.1523457419683834 0.5277382645803692
0 0.22932043264714572 0.3940256045519197 0.3030878445476262 0.3940256045519197 0.3030878445476262 0.5846372688477948 0.22932043264714572 0.5846372688477948
0 0.29426782790735084 0.37837837837837773 0.42817171690061406 0.37837837837837773 0.42817171690061406 0.5448079658605964 0.29426782790735084 0.5448079658605964
0 0.2998805657693441 0.4452347083926023 0.37525161705896537 0.4452347083926023 0.37525161705896537 0.5576102418207672 0.2998805657693441 0.5576102418207672
0 0.31591695966075267 0.5064011379800845 0.44982084865401584 0.5064011379800845 0.44982084865401584 0.685633001422474 0.31591695966075267 0.685633001422474
0 0.24936592501140634 0.5547652916073958 0.34157518988700686 0.5547652916073958 0.34157518988700686 0.6671408250355607 0.24936592501140634 0.6671408250355607
0 0.2597895810408222 0.6287339971550477 0.372846157975254 0.6287339971550477 0.372846157975254 0.7894736842105243 0.2597895810408222 0.7894736842105243
0 0.3319533535521616 0.6102418207681355 0.4241626184277621 0.6102418207681355 0.4241626184277621 0.7226173541963004 0.3319533535521616 0.7226173541963004
0 0.47708271826941073 0.5519203413940247 0.5933465739821245 0.5519203413940247 0.5933465739821245 0.7098150782361295 0.47708271826941073 0.7098150782361295
0 0.4281717169006145 0.44096728307254585 0.5508501301698918 0.44096728307254585 0.5508501301698918 0.5846372688477944 0.4281717169006145 0.5846372688477944
0 0.42977535628975366 0.391180654338549 0.5524537695590308 0.391180654338549 0.5524537695590308 0.4807965860597429 0.42977535628975366 0.4807965860597429
0 0.4851009152151156 0.3342816500711229 0.560471966504737 0.3342816500711229 0.560471966504737 0.44665718349928785 0.4851009152151156 0.44665718349928785
0 0.45222630773772754 0.25889046941678434 0.4891100136879678 0.25889046941678434 0.4891100136879678 0.40113798008534757 0.45222630773772754 0.40113798008534757
0 0.44019901231916925 0.21337126600284467 0.5035427681902336 0.21337126600284467 0.5035427681902336 0.3029871977240386 0.44019901231916925 0.3029871977240386
0 0.4995336697173828 0.17780938833570323 0.5949502133712649 0.17780938833570323 0.5949502133712649 0.3428165007112366 0.4995336697173828 0.3428165007112366
0 0.7761614643441839 0.2660028449502124 0.8683707292197842 0.2660028449502124 0.8683707292197842 0.43385490753911726 0.7761614643441839 0.43385490753911726
0 0.5901392952038425 0.243243243243242 0.65989760863147 0.243243243243242 0.65989760863147 0.40825035561877515 0.5901392952038425 0.40825035561877515
0 0.643059395045491 0.2716927453769546 0.7128177084731185 0.2716927453769546 0.7128177084731185 0.4054054054054039 0.643059395045491 0.4054054054054039
0 0.5901392952038425 0.243243243243242 0.65989760863147 0.243243243243242 0.65989760863147 0.40825035561877515 0.5901392952038425 0.40825035561877515
0 0.6029684103169696 0.3413940256045506 0.6927722161088576 0.3413940256045506 0.6927722161088576 0.5064011379800838 0.6029684103169696 0.5064011379800838
0 0.687159478246866 0.3712660028449488 0.7769632840387541 0.3712660028449488 0.7769632840387541 0.507823613086769 0.687159478246866 0.507823613086769
0 0.6117884269572447 0.5362731152204826 0.7569177916744942 0.5362731152204826 0.7569177916744942 0.6941678520625876 0.6117884269572447 0.6941678520625876
0 0.7288541023645287 0.5931721194879086 0.8090360718215723 0.5931721194879086 0.8090360718215723 0.7169274537695578 0.7288541023645287 0.7169274537695578
0 0.6815467403848728 0.4822190611664293 0.8114415309052834 0.4822190611664293 0.8114415309052834 0.6059743954480786 0.6815467403848728 0.6059743954480786
0 0.8146488096835652 0.4751066856330011 0.8948307791406092 0.4751066856330011 0.8948307791406092 0.5789473684210512 0.8146488096835652 0.5789473684210512
0 0.879596204943771 0.46514935988620143 0.9926527818782028 0.46514935988620143 0.9926527818782028 0.5689900426742515 0.879596204943771 0.5689900426742515
0 0.8909525215384205 0.532005689900426 0.9967927212217178 0.532005689900426 0.9967927212217178 0.6970128022759584 0.8909525215384205 0.6970128022759584
0 0.8340233232239185 0.6017069701280218 0.9254307684049488 0.6017069701280218 0.9254307684049488 0.7112375533428145 0.8340233232239185 0.7112375533428145
0 0.9397326820365532 0.6870554765291608 1.0 0.6870554765291608 1.0 0.8620199146514933 0.9397326820365532 0.8620199146514933
0 0.8411088596043887 0.7283072546230441 0.9767472288574567 0.7283072546230441 0.9767472288574567 1.0 0.8411088596043887 1.0
0 0.6839521994685838 0.6529160739687054 0.7803014036877004 0.6529160739687054 0.7803014036877004 0.8719772403982929 0.6839521994685838 0.8719772403982929
0 0.6190048042083778 0.6799431009957321 0.6945066963686637 0.6799431009957321 0.6945066963686637 0.8890469416785202 0.6190048042083778 0.8890469416785202
0 0.5636792452830175 0.7311522048364131 0.6840830403392473 0.7311522048364131 0.6840830403392473 0.9573257467994285 0.5636792452830175 0.9573257467994285
0 0.470668160712848 0.70981507823613 0.6077793284843936 0.70981507823613 0.6077793284843936 0.9174964438122322 0.470668160712848 0.9174964438122322
0 0.3760534367535364 0.6856330014224732 0.4899118333825391 0.6856330014224732 0.4899118333825391 0.8477951635846354 0.3760534367535364 0.8477951635846354
0 0.32714243538473975 0.7823613086770943 0.4754790788802713 0.7823613086770943 0.4754790788802713 1.0 0.32714243538473975 1.0
0 0.22290587509058216 0.6984352773826417 0.3375660914141549 0.6984352773826417 0.3375660914141549 0.9900426742531993 0.22290587509058216 0.9900426742531993
0 0.15795847983037667 0.4935988620199109 0.27261869615394935 0.4935988620199109 0.27261869615394935 0.6017069701280214 0.15795847983037667 0.6017069701280214
0 0.1643730373869402 0.5647226173541925 0.2790332537105129 0.5647226173541925 0.2790332537105129 0.6728307254623032 0.1643730373869402 0.6728307254623032
0 0.0 0.5889046941678483 0.1146602163235727 0.5889046941678483 0.1146602163235727 0.6970128022759589 0.0 0.6970128022759589
0 4.440892098500626e-18 0.6756756756756718 0.1146602163235727 0.6756756756756718 0.1146602163235727 0.7837837837837823 4.440892098500626e-18 0.7837837837837823
0 4.272953695248059e-18 0.7339971550497821 0.07938014976247336 0.7339971550497821 0.07938014976247336 0.9857752489331416 4.272953695248059e-18 0.9857752489331416
0 0.04489127253601375 0.7482879050973289 0.1715882372342976 0.7431404306166841 0.1748375847737227 0.9948525255193548 0.04814062007543883 0.9999999999999996
0 0.12027295418556586 0.8079658605974371 0.2613932204299629 0.8079658605974371 0.2613932204299629 0.9999999999999989 0.12027295418556586 0.9999999999999989
0 0.1355075283824042 0.6401137980085323 0.27662779462680126 0.6401137980085323 0.27662779462680126 0.832147937411094 0.1355075283824042 0.832147937411094
0 0.023864897176233385 0.5795650482577137 0.18443468935528498 0.6705063382199214 0.16056979217905143 0.8031230373203487 -1.508227505151156e-16 0.7121817473581409
