0 0.13310206929869295 0.295874822190611 0.20847312058831427 0.295874822190611 0.20847312058831427 0.453769559032716 0.13310206929869295 0.453769559032716
0 0.779368743122467 0.5305832147937405 0.8547397944120882 0.5305832147937405 0.8547397944120882 0.6884779516358455 0.779368743122467 0.6884779516358455
0 0.21168039936659597 0.2788051209103834 0.2870514506562173 0.2788051209103834 0.2870514506562173 0.4366998577524884 0.21168039936659597 0.4366998577524884
0 0.4875063742988271 0.2987197724039823 0.5628774255884484 0.2987197724039823 0.5628774255884484 0.4566145092460874 0.4875063742988271 0.4566145092460874
0 0.47788453796398195 0.6870554765291602 0.6045720497061114 0.6870554765291602 0.6045720497061114 0.9260312944523463 0.47788453796398195 0.9260312944523463
0 0.3680352398078316 0.6586059743954477 0.4907136530771089 0.6586059743954477 0.4907136530771089 0.8165007112375527 0.3680352398078316 0.8165007112375527
0 0.6093829678735337 0.8378378378378372 0.684754019163155 0.8378378378378372 0.684754019163155 0.9957325746799421 0.6093829678735337 0.9957325746799421
0 0.5636792452830179 0.7297297297297287 0.7144213478622605 0.7297297297297287 0.7144213478622605 0.8876244665718332 0.5636792452830179 0.8876244665718332
0 0.8346943020478269 0.7652916073968697 0.9758145682922246 0.7652916073968697 0.9758145682922246 0.9999999999999999 0.8346943020478269 0.9999999999999999
0 0.682348560079444 0.6600284495021334 0.7817742022061784 0.6600284495021334 0.7817742022061784 0.8790896159317206 0.682348560079444 0.8790896159317206
0 0.4353880941517489 0.20199146514935928 0.4995336697173837 0.20199146514935928 0.4995336697173837 0.3029871977240389 0.4353880941517489 0.3029871977240389
0 0.3351606323304435 0.7638691322901839 0.48269545613140424 0.7638691322901839 0.48269545613140424 1.0 0.3351606323304435 1.0
0 0.15314756166295398 0.8221906116642949 0.2710150567648086 0.8221906116642949 0.2710150567648086 0.9999999999999996 0.15314756166295398 0.9999999999999996
0 0.21568949783944816 0.6913229018492167 0.3407733701924365 0.6913229018492167 0.3407733701924365 0.9587482219061153 0.21568949783944816 0.9587482219061153
0 0.138714807160686 0.6472261735419625 0.28304235218336515 0.6472261735419625 0.28304235218336515 0.8051209103840675 0.138714807160686 0.8051209103840675
0 0.017640033280549694 0.5732574679943091 0.15475120105209483 0.5732574679943091 0.15475120105209483 0.7311522048364141 0.017640033280549694 0.7311522048364141
0 0.16517485708151053 0.48933143669985707 0.24054590837113188 0.48933143669985707 0.24054590837113188 0.6472261735419621 0.16517485708151053 0.6472261735419621
0 0.18602216914034195 0.5661450924608813 0.26139322042996327 0.5661450924608813 0.26139322042996327 0.7240398293029864 0.18602216914034195 0.7240398293029864
0 0.23332953111999782 0.39829302987197657 0.3087005824096191 0.39829302987197657 0.3087005824096191 0.5561877667140817 0.23332953111999782 0.5561877667140817
0 0.24856410531683618 0.5248933143669979 0.32393515660645755 0.5248933143669979 0.32393515660645755 0.6827880512091029 0.24856410531683618 0.6827880512091029
0 0.2726186961539495 0.6244665718349925 0.3840716336992404 0.6244665718349925 0.3840716336992404 0.7823613086770975 0.2726186961539495 0.7823613086770975
0 0.490713653077109 0.5590327169274532 0.5989593118441182 0.5590327169274532 0.5989593118441182 0.7169274537695582 0.490713653077109 0.7169274537695582
0 0.3006823854639147 0.36130867709815034 0.42175715934405106 0.36130867709815034 0.42175715934405106 0.5192034139402554 0.3006823854639147 0.5192034139402554
0 0.04009098472852198 0.40682788051209046 0.17479669341635584 0.40682788051209046 0.17479669341635584 0.5647226173541955 0.04009098472852198 0.5647226173541955
0 0.05612737861993077 0.2660028449502127 0.1314984299095521 0.2660028449502127 0.1314984299095521 0.42389758179231773 0.05612737861993077 0.42389758179231773
0 0.013630934807697493 0.18492176386913164 0.08900198609731882 0.18492176386913164 0.08900198609731882 0.34281650071123665 0.013630934807697493 0.34281650071123665
0 0.32072787782817547 0.4935988620199145 0.4522263077377278 0.4935988620199145 0.4522263077377278 0.6899004267425316 0.32072787782817547 0.6899004267425316
0 0.7392777583939449 0.5604551920341387 0.8146488096835662 0.5604551920341387 0.8146488096835662 0.7183499288762437 0.7392777583939449 0.7183499288762437
0 0.6222120829866608 0.5462304409672823 0.744890496255938 0.5462304409672823 0.744890496255938 0.7041251778093873 0.6222120829866608 0.7041251778093873
0 0.8499288762446656 0.6017069701280221 0.9252999275342869 0.6017069701280221 0.9252999275342869 0.7596017069701271 0.8499288762446656 0.7596017069701271
0 0.9246289487103785 0.5448079658605968 0.9999999999999998 0.5448079658605968 0.9999999999999998 0.7027027027027017 0.9246289487103785 0.7027027027027017
0 0.5781119997852867 0.25177809388335637 0.653483051074908 0.25177809388335637 0.653483051074908 0.40967283072546135 0.5781119997852867 0.40967283072546135
0 0.6454648541292036 0.253200568990042 0.7208359054188249 0.253200568990042 0.7208359054188249 0.411095305832147 0.6454648541292036 0.411095305832147
0 0.6117884269572452 0.35704125177809326 0.6871594782468665 0.35704125177809326 0.6871594782468665 0.5149359886201982 0.6117884269572452 0.5149359886201982
0 0.69357403580343 0.33712660028449437 0.7689450870930513 0.33712660028449437 0.7689450870930513 0.49502133712659935 0.69357403580343 0.49502133712659935
0 0.7889905794573122 0.26742532005689834 0.8667670898306449 0.26742532005689834 0.8667670898306449 0.4253200568990034 0.7889905794573122 0.4253200568990034
0 0.48830819399339725 0.17211948790896098 0.5957520330658362 0.17211948790896098 0.5957520330658362 0.330014224751066 0.48830819399339725 0.330014224751066
0 0.680744920690303 0.6230440967283073 0.7039976918328457 0.6230440967283073 0.7039976918328457 0.6301564722617354 0.680744920690303 0.6301564722617354
0 0.42656807751147363 0.4253200568990042 0.5749047210070051 0.4253200568990042 0.5749047210070051 0.5817923186344239 0.42656807751147363 0.5817923186344239
0 0.6454648541292032 0.5419630156472258 0.6879612979414365 0.5419630156472258 0.6879612979414365 0.6899004267425319 0.6454648541292032 0.6899004267425319
0 0.052920099841649026 0.7524893314366977 0.16597667677608097 0.7524893314366977 0.16597667677608097 0.9999999999999979 0.052920099841649026 0.9999999999999979
0 0.43859537293003037 0.2631578947368415 0.5139664242196517 0.2631578947368415 0.5139664242196517 0.4210526315789465 0.43859537293003037 0.4210526315789465
