0 0.3029341115725494 0.5133213365763043 0.4260825992887196 0.5133213365763043 0.4260825992887196 0.6953981502320633 0.3029341115725494 0.6953981502320633
0 0.27057068951422975 0.5945098976035111 0.3937191772304002 0.5945098976035111 0.3937191772304002 0.7765867112592703 0.27057068951422975 0.7765867112592703
0 0.20946958048355147 0.7059602792829003 0.325733436196265 0.7059602792829003 0.325733436196265 0.965899688358507 0.20946958048355147 0.965899688358507
0 0.12541809777514815 0.6434088652414995 0.24168195348786176 0.6434088652414995 0.24168195348786176 0.8254856788972585 0.12541809777514815 0.8254856788972585
0 0.023235633011666413 0.5838228747027476 0.15929280573431795 0.5838228747027476 0.15929280573431795 0.7445256425569802 0.023235633011666413 0.7445256425569802
0 0.21635421248700798 0.39298318004625943 0.30335838218503064 0.39298318004625943 0.30335838218503064 0.5460523601142324 0.21635421248700798 0.5460523601142324
0 0.2275687600879507 0.5690665110899608 0.30800486412748446 0.5690665110899608 0.30800486412748446 0.6845265003052715 0.2275687600879507 0.6845265003052715
0 0.16127715645935461 0.5456549357714497 0.24483901015564877 0.5456549357714497 0.24483901015564877 0.6605561769081252 0.16127715645935461 0.6605561769081252
0 0.14836847145287324 0.5181740197409154 0.2224639561444143 0.5181740197409154 0.2224639561444143 0.5857470166027816 0.14836847145287324 0.5857470166027816
0 0.274450204321534 0.39852850562299125 0.4133197836553764 0.39852850562299125 0.4133197836553764 0.5302642707967564 0.274450204321534 0.5302642707967564
0 0.4193897168942371 0.22853427944888305 0.5252028041209394 0.22853427944888305 0.5252028041209394 0.3648095663870849 0.4193897168942371 0.3648095663870849
0 0.416008540587253 0.19756333271801502 0.47461360327101654 0.19756333271801502 0.47461360327101654 0.29872411583942254 0.416008540587253 0.29872411583942254
0 0.5586339850490855 0.6600571620055911 0.6748978407617992 0.6600571620055911 0.6748978407617992 0.8421339756613502 0.5586339850490855 0.8421339756613502
0 0.6327280641716195 0.6501320683029679 0.7489919198843331 0.6501320683029679 0.7489919198843331 0.8322088819587268 0.6327280641716195 0.8322088819587268
0 0.8056987490917985 0.7456549357714499 0.921962604804512 0.7456549357714499 0.921962604804512 1.0 0.8056987490917985 1.0
0 0.31101790253453787 0.767028981572977 0.46945012926842355 0.767028981572977 0.46945012926842355 1.0 0.31101790253453787 1.0
0 0.12513283844120668 0.8179231863442412 0.2413966941539203 0.8179231863442412 0.2413966941539203 1.0000000000000002 0.12513283844120668 1.0000000000000002
0 0.04682014940188652 0.7568544840541646 0.16738690011676063 0.7568544840541646 0.16738690011676063 0.9969465648854956 0.04682014940188652 0.9969465648854956
0 0.0 0.6799016310888939 0.06032622068462781 0.6799016310888939 0.06032622068462781 0.9444211928362555 0.0 0.9444211928362555
0 0.5657492866624368 0.8179231863442408 0.6820131423751504 0.8179231863442408 0.6820131423751504 0.9435114503816795 0.5657492866624368 0.9435114503816795
0 0.7172111907384847 0.5884030273745039 0.8024942024356426 0.5884030273745039 0.8024942024356426 0.7048309860684303 0.7172111907384847 0.7048309860684303
0 0.5874069228983608 0.5416871856191786 0.7131371476158277 0.5416871856191786 0.7131371476158277 0.6971973982821712 0.5874069228983608 0.6971973982821712
0 0.4624798066105857 0.553288523557709 0.5666955563172504 0.553288523557709 0.5666955563172504 0.7170447265264454 0.4624798066105857 0.7170447265264454
0 0.8024085117812615 0.5945098976035113 0.897157892483172 0.5945098976035113 0.897157892483172 0.7200981616409495 0.8024085117812615 0.7200981616409495
0 0.873922465552198 0.5181232244610393 0.9652295302523806 0.5181232244610393 0.9652295302523806 0.7002000381167982 0.873922465552198 0.7002000381167982
0 0.6104993946849053 0.2876396685958774 0.6751285103716935 0.2876396685958774 0.6751285103716935 0.396434039503545 0.6104993946849053 0.396434039503545
0 0.5705130057330047 0.36353895087264293 0.6644018074344837 0.36353895087264293 0.6644018074344837 0.5166081309406156 0.5705130057330047 0.5166081309406156
0 0.5597252336594121 0.21741066096228978 0.6484505613582988 0.21741066096228978 0.6484505613582988 0.39948747461804873 0.5597252336594121 0.39948747461804873
0 0.65816981966677 0.3675740425586881 0.7460345683652245 0.3675740425586881 0.7460345683652245 0.49316230659612637 0.65816981966677 0.49316230659612637
0 0.7450074089575311 0.29186425430850166 0.8500837376646277 0.29186425430850166 0.8500837376646277 0.47699450307876423 0.7450074089575311 0.47699450307876423
0 0.4762490706174993 0.1761892869164882 0.5658349773168181 0.1761892869164882 0.5658349773168181 0.3582661005722471 0.4762490706174993 0.3582661005722471
0 0.03465751441573951 0.4050445346646467 0.14489731712542844 0.4050445346646467 0.14489731712542844 0.5474266918318561 0.03465751441573951 0.5474266918318561
0 0.17160410446453941 0.3685556991302284 0.24311785215478418 0.3685556991302284 0.24311785215478418 0.5124645738546895 0.17160410446453941 0.5124645738546895
0 0.10487979386117859 0.2871317157971177 0.19790801656222579 0.2871317157971177 0.19790801656222579 0.4600482241093653 0.10487979386117859 0.4600482241093653
0 0.022049450342424465 0.3037333809140028 0.10991419904087905 0.3037333809140028 0.10991419904087905 0.42485269166587325 0.022049450342424465 0.42485269166587325
0 3.325127195216775e-18 0.2403114243210683 0.08043610403953365 0.2403114243210683 0.08043610403953365 0.35165127754447983 3.325127195216775e-18 0.35165127754447983
0 0.3660949585621918 0.661685470122595 0.4823588142749054 0.661685470122595 0.4823588142749054 0.8437622837783542 0.3660949585621918 0.8437622837783542
0 0.4079874304113463 0.4167571345766973 0.5311359181275171 0.4167571345766973 0.5311359181275171 0.5805133375454334 0.4079874304113463 0.5805133375454334
0 0.41979444352927375 0.33966613976875837 0.5240101932359384 0.33966613976875837 0.5240101932359384 0.4331933351039069 0.41979444352927375 0.4331933351039069
0 0.6592071991195405 0.48305951592412133 0.7814951078352795 0.48305951592412133 0.7814951078352795 0.591853886831789 0.6592071991195405 0.591853886831789
0 0.47366733361620283 0.6922198212676333 0.5727196093202744 0.6922198212676333 0.5727196093202744 0.9216248791982018 0.47366733361620283 0.9216248791982018
0 0.7874297853953621 0.47022900763358794 0.8855357914446205 0.47022900763358794 0.8855357914446205 0.5908396946564887 0.7874297853953621 0.5908396946564887
0 0.2822004928659779 0.46365632166520215 0.34682960855276634 0.46365632166520215 0.34682960855276634 0.5953514559316478 0.2822004928659779 0.5953514559316478
0 0.13068820390626842 0.19894414421594755 0.241077244484345 0.19894414421594755 0.241077244484345 0.2954987999764511 0.13068820390626842 0.2954987999764511
0 6.106226635438361e-18 0.5219069461849121 0.10873711143682603 0.5219069461849121 0.10873711143682603 0.6267555283700625 6.106226635438361e-18 0.6267555283700625
0 0.1895100457992594 0.2603610722491466 0.24833357521102412 0.2603610722491466 0.24833357521102412 0.36724718395128164 0.1895100457992594 0.36724718395128164
