0 0.0433778334001581 0.3029068441683964 0.11919447609256352 0.3029068441683964 0.11919447609256352 0.4223882379768274 0.0433778334001581 0.4223882379768274
0 0.11480589043602157 0.28611295103862566 0.19578600713101948 0.28611295103862566 0.19578600713101948 0.42544167309133135 0.11480589043602157 0.42544167309133135
0 0.15783484045762594 0.38534959225999926 0.25774769516212986 0.38534959225999926 0.25774769516212986 0.5124645738546895 0.15783484045762594 0.5124645738546895
0 0.13890210244812 0.51359386706916 0.23881495715262394 0.51359386706916 0.23881495715262394 0.6147546501905677 0.13890210244812 0.6147546501905677
0 0.16385889346065066 0.5410747830996944 0.2577476951621301 0.5410747830996944 0.2577476951621301 0.6712431998088886 0.16385889346065066 0.6712431998088886
0 0.24045042449910667 0.5456549357714501 0.336920963201882 0.5456549357714501 0.336920963201882 0.6865103753814075 0.24045042449910667 0.6865103753814075
0 0.22582058149176118 0.399090050275267 0.3007766451837348 0.399090050275267 0.3007766451837348 0.6178080853050715 0.22582058149176118 0.6178080853050715
0 0.004302895002160449 0.18382287470274772 0.09044648569975093 0.18382287470274772 0.09044648569975093 0.3353653372134687 0.004302895002160449 0.3353653372134687
0 0.2938063225258962 0.33496791287068645 0.42383944224552317 0.33496791287068645 0.42383944224552317 0.5170447265264453 0.2938063225258962 0.5170447265264453
0 0.31532079753669845 0.5059602792829004 0.4315846532494121 0.5059602792829004 0.4315846532494121 0.6880370929386594 0.31532079753669845 0.6880370929386594
0 0.25163795150472384 0.6189373785195417 0.3679018072174375 0.6189373785195417 0.3679018072174375 0.8010141921753007 0.25163795150472384 0.8010141921753007
0 0.6879515047237936 0.48763966859587726 0.8042153604365072 0.48763966859587726 0.8042153604365072 0.6055943448470558 0.6879515047237936 0.6055943448470558
0 0.6819274517207689 0.35176180600045753 0.7783979904235443 0.35176180600045753 0.7783979904235443 0.4880370929386592 0.6819274517207689 0.4880370929386592
0 0.6388985016991638 0.2616854701225952 0.6983641433833598 0.2616854701225952 0.6983641433833598 0.39185388683178934 0.6388985016991638 0.39185388683178934
0 0.5605858126598438 0.21588394340503783 0.6407053503544098 0.21588394340503783 0.6407053503544098 0.3979607570607967 0.5605858126598438 0.3979607570607967
0 0.4426864896006477 0.23115111897755714 0.4832193932753374 0.23115111897755714 0.4832193932753374 0.2941439631676672 0.4426864896006477 0.2941439631676672
0 0.4297778045941666 0.264738905237099 0.5090367632883004 0.264738905237099 0.5090367632883004 0.40559434484705637 0.4297778045941666 0.40559434484705637
0 0.8230624077916316 0.5838228747027477 0.9169512094931115 0.5838228747027477 0.9169512094931115 0.7246783143127056 0.8230624077916316 0.7246783143127056
0 0.7154900327376201 0.5639755464584736 0.7964701494326182 0.5639755464584736 0.7964701494326182 0.6910905280531632 0.7154900327376201 0.6910905280531632
0 0.6010330256801523 0.7029068441683965 0.7172968813928658 0.7029068441683965 0.7172968813928658 0.8849836578241556 0.6010330256801523 0.8849836578241556
0 0.43322012059589476 0.4387847067638165 0.5494839763086083 0.4387847067638165 0.5494839763086083 0.6208615204195754 0.43322012059589476 0.6208615204195754
0 0.4857154396222522 0.5410747830996944 0.6019792953349659 0.5410747830996944 0.6019792953349659 0.7231515967554535 0.4857154396222522 0.7231515967554535
0 0.6036147626814484 0.5181740197409158 0.7379507774032359 0.5181740197409158 0.7379507774032359 0.7002508333966748 0.6036147626814484 0.7002508333966748
0 0.7679853517639776 0.25710531745083937 0.8842492074766912 0.25710531745083937 0.8842492074766912 0.43918213110659843 0.7679853517639776 0.43918213110659843
0 0.5907060776749672 0.3380213479851905 0.7069699333876808 0.3380213479851905 0.7069699333876808 0.5200981616409496 0.5907060776749672 0.5200981616409496
0 0.32478716654145146 0.7655022640157241 0.4780559192727446 0.7655022640157241 0.4780559192727446 0.9999999999999999 0.32478716654145146 0.9999999999999999
0 0.6242686586918185 0.8377705145885149 0.7026670383855204 0.8377705145885149 0.7026670383855204 0.9541984732824429 0.6242686586918185 0.9541984732824429
0 0.024445095390652122 0.5975633327180147 0.14845416210725454 0.5975633327180147 0.14845416210725454 0.7796401463737735 0.024445095390652122 0.7796401463737735
0 0.14664731345200888 0.6418381418783202 0.2629111691647225 0.6418381418783202 0.2629111691647225 0.8239149555340793 0.14664731345200888 0.8239149555340793
0 0.21549363348657605 0.7777160044737401 0.3317574891992897 0.7777160044737401 0.3317574891992897 0.959792818129499 0.21549363348657605 0.959792818129499
0 0.119108785438182 0.8179231863442412 0.23537264115089565 0.8179231863442412 0.23537264115089565 1.0000000000000002 0.119108785438182 1.0000000000000002
0 0.061449992409231935 0.7548152411149619 0.16480516311546417 0.7548152411149619 0.16480516311546417 0.9999999999999999 0.061449992409231935 0.9999999999999999
0 0.0 0.709013714397404 0.06290795768592405 0.709013714397404 0.06290795768592405 0.9999999999999993 0.0 0.9999999999999993
0 0.831668197795952 0.7426015006569459 0.9479320535086656 0.7426015006569459 0.9479320535086656 1.0 0.831668197795952 1.0
0 0.8837361442872864 0.5059602792829004 1.0 0.5059602792829004 1.0 0.6880370929386594 0.8837361442872864 0.6880370929386594
0 0.49260007162570896 0.162448828901221 0.6088639273384227 0.162448828901221 0.6088639273384227 0.34452564255698004 0.49260007162570896 0.34452564255698004
0 0.030469148393676742 0.40825035561877826 0.14673300410639037 0.40825035561877826 0.14673300410639037 0.5903271692745373 0.030469148393676742 0.5903271692745373
