0 0.2782314340159425 0.6244665718349924 0.41935170026033985 0.6244665718349924 0.41935170026033985 0.7823613086770974 0.2782314340159425 0.7823613086770974
0 0.3111060414933305 0.5633001422475102 0.4522263077377278 0.5633001422475102 0.4522263077377278 0.7211948790896152 0.3111060414933305 0.7211948790896152
0 0.20045492364260994 0.7695590327169269 0.34157518988700725 0.7695590327169269 0.34157518988700725 1.0 0.20045492364260994 1.0
0 0.23733862959285013 0.5120910384068273 0.37845889583724746 0.5120910384068273 0.37845889583724746 0.6699857752489323 0.23733862959285013 0.6699857752489323
0 0.33756609141415533 0.7766714082503556 0.4786863576585526 0.7766714082503556 0.4786863576585526 0.9999999999999993 0.33756609141415533 0.9999999999999993
0 0.46665906223999565 0.7012802275960163 0.607779328484393 0.7012802275960163 0.607779328484393 0.9601706970128016 0.46665906223999565 0.9601706970128016
0 0.603770230011541 0.8421052631578944 0.7216377251133954 0.8421052631578944 0.7216377251133954 0.9630156472261734 0.603770230011541 0.9630156472261734
0 0.6037702300115408 0.6913229018492172 0.6927722161088594 0.6913229018492172 0.6927722161088594 0.8492176386913222 0.6037702300115408 0.8492176386913222
0 0.819459727850989 0.7467994310099562 0.9605799940953863 0.7467994310099562 0.9605799940953863 1.0000000000000002 0.819459727850989 1.0000000000000002
0 0.6815467403848744 0.658605974395448 0.7793687431224674 0.658605974395448 0.7793687431224674 0.854907539118065 0.6815467403848744 0.854907539118065
0 0.3183224187444645 0.5163584637268843 0.45944268498886176 0.5163584637268843 0.45944268498886176 0.6742532005689893 0.3183224187444645 0.6742532005689893
0 0.1595621192195174 0.5376955903271685 0.2662041385973859 0.5376955903271685 0.2662041385973859 0.6614509246088188 0.1595621192195174 0.6614509246088188
0 0.14352572532810876 0.49928876244665704 0.26299685981910415 0.49928876244665704 0.26299685981910415 0.5889046941678512 0.14352572532810876 0.5889046941678512
0 0.2846459915725062 0.45092460881934504 0.3696388791969726 0.45092460881934504 0.3696388791969726 0.5533428165007106 0.2846459915725062 0.5533428165007106
0 0.2950696476019217 0.374110953058321 0.43618991384631906 0.374110953058321 0.43618991384631906 0.532005689900426 0.2950696476019217 0.532005689900426
0 0.42496443812233303 0.4395448079658601 0.5660847043667303 0.4395448079658601 0.5660847043667303 0.5974395448079651 0.42496443812233303 0.5974395448079651
0 0.46425360315628444 0.556187766714082 0.6053738694006817 0.556187766714082 0.6053738694006817 0.714082503556187 0.46425360315628444 0.714082503556187
0 0.6125902466518157 0.5348506401137976 0.753710512896213 0.5348506401137976 0.753710512896213 0.6927453769559025 0.6125902466518157 0.6927453769559025
0 0.7320613811428112 0.5633001422475105 0.8250724657129823 0.5633001422475105 0.8250724657129823 0.7226173541963007 0.7320613811428112 0.7226173541963007
0 0.8322888429641152 0.5917496443812232 0.9277053866179982 0.5917496443812232 0.9277053866179982 0.7325746799431004 0.8322888429641152 0.7325746799431004
0 0.8925561609275612 0.5362731152204826 0.9999999999999998 0.5362731152204826 0.9999999999999998 0.6941678520625877 0.8925561609275612 0.6941678520625877
0 0.42576625781690297 0.3655761024182072 0.5668865240613002 0.3655761024182072 0.5668865240613002 0.4708392603129435 0.42576625781690297 0.4708392603129435
0 0.6935740358034316 0.3428165007112366 0.7785669234278968 0.3428165007112366 0.7785669234278968 0.4935988620199136 0.6935740358034316 0.4935988620199136
0 0.7753596446496149 0.26884779516358426 0.8795962049437721 0.26884779516358426 0.8795962049437721 0.42674253200568923 0.7753596446496149 0.42674253200568923
0 0.6029684103169703 0.35988620199146465 0.7047995115274158 0.35988620199146465 0.7047995115274158 0.5177809388335697 0.6029684103169703 0.5177809388335697
0 0.6214102632920901 0.2660028449502129 0.7200340857242546 0.2660028449502129 0.7200340857242546 0.42389758179231796 0.6214102632920901 0.42389758179231796
0 0.5853283770364209 0.23755334281650042 0.6518794116857678 0.23755334281650042 0.6518794116857678 0.39544807965860546 0.5853283770364209 0.39544807965860546
0 0.45302812743229837 0.2034139402560453 0.5019391288010949 0.2034139402560453 0.5019391288010949 0.3029871977240392 0.45302812743229837 0.3029871977240392
0 0.49712821063367263 0.17069701280227556 0.6029684103169705 0.17069701280227556 0.6029684103169705 0.3399715504978655 0.49712821063367263 0.3399715504978655
0 0.13230024960412257 0.648648648648648 0.27342051584851984 0.648648648648648 0.27342051584851984 0.8065433854907531 0.13230024960412257 0.8065433854907531
0 0.023252771142542834 0.5974395448079654 0.16437303738694015 0.5974395448079654 0.16437303738694015 0.7553342816500703 0.023252771142542834 0.7553342816500703
0 0.05933465739821263 0.7596017069701272 0.17960761158377847 0.7596017069701272 0.17960761158377847 0.9999999999999997 0.05933465739821263 0.9999999999999997
0 0.0 0.7140825035561875 0.09301108457017093 0.7140825035561875 0.09301108457017093 1.0 0.0 1.0
0 0.22932043264714572 0.39829302987197673 0.3038896642421963 0.39829302987197673 0.3038896642421963 0.5561877667140819 0.22932043264714572 0.5561877667140819
0 0.19083308730776483 0.25889046941678445 0.2678077779865268 0.25889046941678445 0.2678077779865268 0.3712660028449494 0.19083308730776483 0.3712660028449494
0 0.23092407203628665 0.3015647226173537 0.2798350734050834 0.3015647226173537 0.2798350734050834 0.4110953058321473 0.23092407203628665 0.4110953058321473
0 0.15715666013580631 0.38406827880512057 0.2750241552376608 0.38406827880512057 0.2750241552376608 0.5206258890469411 0.15715666013580631 0.5206258890469411
0 0.03928916503395162 0.39829302987197684 0.1547512010520949 0.39829302987197684 0.1547512010520949 0.5561877667140819 0.03928916503395162 0.5561877667140819
0 0.04249644381223335 0.38406827880512023 0.10984929815615023 0.38406827880512023 0.10984929815615023 0.46372688477951574 0.04249644381223335 0.46372688477951574
0 0.13069661021498183 0.2972972972972972 0.20526584181003255 0.2972972972972972 0.20526584181003255 0.45519203413940235 0.13069661021498183 0.45519203413940235
0 0.04169462411766292 0.3029871977240392 0.13871480716068604 0.3029871977240392 0.13871480716068604 0.4139402560455185 0.04169462411766292 0.4139402560455185
0 0.06574921495477605 0.25889046941678445 0.1467330041063905 0.25889046941678445 0.1467330041063905 0.3413940256045512 0.06574921495477605 0.3413940256045512
0 0.0168382135859793 0.23613086770981442 0.10423656029415716 0.23613086770981442 0.10423656029415716 0.3271692745376949 0.0168382135859793 0.3271692745376949
0 0.11145293754529093 0.8293029871977237 0.25978958104082206 0.8293029871977237 0.25978958104082206 0.9999999999999992 0.11145293754529093 0.9999999999999992
