0 0.3070969430204783 0.48790896159317154 0.44821720926487557 0.48790896159317154 0.44821720926487557 0.6486486486486477 0.3070969430204783 0.6486486486486477
0 0.2437531871494141 0.5362731152204834 0.31190786118790076 0.5362731152204834 0.31190786118790076 0.6714082503556184 0.2437531871494141 0.6714082503556184
0 0.36001704286212727 0.6813655761024177 0.5011373091065245 0.6813655761024177 0.5011373091065245 0.8421052631578939 0.36001704286212727 0.8421052631578939
0 0.6013647709278296 0.8150782361308682 0.7072049706111273 0.8150782361308682 0.7072049706111273 0.9502133712660018 0.6013647709278296 0.9502133712660018
0 0.46425360315628444 0.7140825035561872 0.6053738694006819 0.7140825035561872 0.6053738694006819 0.9089615931721186 0.46425360315628444 0.9089615931721186
0 0.27662779462680154 0.6187766714082499 0.4177480608711988 0.6187766714082499 0.4177480608711988 0.779516358463726 0.27662779462680154 0.779516358463726
0 0.31752059904989394 0.7866287339971544 0.49953366971738355 0.7866287339971544 0.49953366971738355 1.0 0.31752059904989394 1.0
0 0.6631048874097532 0.44523470839260254 0.8042251536541506 0.44523470839260254 0.8042251536541506 0.6059743954480787 0.6631048874097532 0.6059743954480787
0 0.4097298639254945 0.32432432432432373 0.5508501301698918 0.32432432432432373 0.5508501301698918 0.4850640113798 0.4097298639254945 0.4850640113798
0 0.4265680775114737 0.25746799431009887 0.5091555060522289 0.25746799431009887 0.5091555060522289 0.4182076813655751 0.4265680775114737 0.4182076813655751
0 0.43137899567889687 0.17069701280227573 0.4939209318553907 0.17069701280227573 0.4939209318553907 0.28022759601706915 0.43137899567889687 0.28022759601706915
0 0.5805174588689981 0.24893314366998523 0.6470684935183438 0.24893314366998523 0.6470684935183438 0.40967283072546135 0.5805174588689981 0.40967283072546135
0 0.6382484768780696 0.2716927453769555 0.7047995115274157 0.2716927453769555 0.7047995115274157 0.392603129445234 0.6382484768780696 0.392603129445234
0 0.5957520330658364 0.3684210526315785 0.7128177084731208 0.3684210526315785 0.7128177084731208 0.5035561877667134 0.5957520330658364 0.5035561877667134
0 0.8186579081564185 0.7596017069701274 0.9597781744008159 0.7596017069701274 0.9597781744008159 1.0 0.8186579081564185 1.0
0 0.7160249872514022 0.6002844950213364 0.8202615475455592 0.6002844950213364 0.8202615475455592 0.7169274537695582 0.7160249872514022 0.7169274537695582
0 0.6767358222174501 0.6600284495021337 0.7737560052604733 0.6600284495021337 0.7737560052604733 0.8534850640113796 0.6767358222174501 0.8534850640113796
0 0.6093829678735334 0.6899004267425309 0.697583134276282 0.6899004267425309 0.697583134276282 0.8762446657183488 0.6093829678735334 0.8762446657183488
0 0.6069775087898226 0.536273115220483 0.74809777503422 0.536273115220483 0.74809777503422 0.6970128022759593 0.6069775087898226 0.6970128022759593
0 0.6839521994685847 0.35419630156472215 0.7713505461767627 0.35419630156472215 0.7713505461767627 0.4950213371265996 0.6839521994685847 0.4950213371265996
0 0.7729541855659038 0.2588904694167846 0.8723798276926381 0.2588904694167846 0.8723798276926381 0.4196301564722609 0.7729541855659038 0.4196301564722609
0 0.5083536863576587 0.16500711237553287 0.5901392952038436 0.16500711237553287 0.5901392952038436 0.32574679943100915 0.5083536863576587 0.32574679943100915
0 0.8354961217423975 0.5874822190611658 0.905254435170026 0.5874822190611658 0.905254435170026 0.7169274537695579 0.8354961217423975 0.7169274537695579
0 0.8876144018894762 0.5348506401137976 0.9878418637107809 0.5348506401137976 0.9878418637107809 0.6955903271692738 0.8876144018894762 0.6955903271692738
0 0.17078759494350362 0.5376955903271676 0.251771384095118 0.5376955903271676 0.251771384095118 0.6642958748221888 0.17078759494350362 0.6642958748221888
0 0.13310206929869292 0.6600284495021331 0.2742223355430902 0.6600284495021331 0.2742223355430902 0.8207681365576093 0.13310206929869292 0.8207681365576093
0 0.20847312058831413 0.7183499288762445 0.3495933868327115 0.7183499288762445 0.3495933868327115 0.968705547652915 0.20847312058831413 0.968705547652915
0 0.11786749510185453 0.8207681365576093 0.2589877613462518 0.8207681365576093 0.2589877613462518 1.0 0.11786749510185453 1.0
0 0.05532555892536028 0.7596017069701274 0.15635484044123554 0.7596017069701274 0.15635484044123554 1.0 0.05532555892536028 1.0
0 8.901986865100125e-18 0.7197724039829302 0.07938014976247348 0.7197724039829302 0.07938014976247348 1.0 8.901986865100125e-18 1.0
0 8.881784197001253e-18 0.6258890469416779 0.14112026624439733 0.6258890469416779 0.14112026624439733 0.7866287339971542 8.881784197001253e-18 0.7866287339971542
0 0.027261869615394934 0.5903271692745371 0.16838213585979225 0.5903271692745371 0.16838213585979225 0.7510668563300134 0.027261869615394934 0.7510668563300134
0 0.22370769478515248 0.39402560455192004 0.32313333691188706 0.39402560455192004 0.32313333691188706 0.5547652916073964 0.22370769478515248 0.5547652916073964
0 0.30629512332590786 0.3371266002844945 0.44741538957030513 0.3371266002844945 0.44741538957030513 0.49786628733997074 0.30629512332590786 0.49786628733997074
0 0.16357121769236965 0.4864864864864855 0.2469604659276954 0.4864864864864855 0.2469604659276954 0.5817923186344225 0.16357121769236965 0.5817923186344225
0 0.031270968088247135 0.40256045519203343 0.15956211921951746 0.40256045519203343 0.15956211921951746 0.5633001422475097 0.031270968088247135 0.5633001422475097
0 0.11866931479642498 0.28733997155049756 0.21729313722858906 0.28733997155049756 0.21729313722858906 0.4480796586059739 0.11866931479642498 0.4480796586059739
0 0.03447824686652887 0.27880512091038356 0.1363093480769747 0.27880512091038356 0.1363093480769747 0.4395448079658598 0.03447824686652887 0.4395448079658598
0 0.4770827182694114 0.5433854907539115 0.5957520330658362 0.5433854907539115 0.5957520330658362 0.7041251778093878 0.4770827182694114 0.7041251778093878
0 0.3070969430204783 0.48790896159317154 0.44821720926487557 0.48790896159317154 0.44821720926487557 0.6486486486486477 0.3070969430204783 0.6486486486486477
